0 0 0
0.0999991 -0.000357141 -0.00714286
0.199993 -0.00142855 -0.0142857
0.299977 -0.00321416 -0.0214286
0.399946 -0.0057139 -0.0285714
0.599837 -0.0123057 -0.0339944
0.699779 -0.0157045 -0.0339944
0.799721 -0.0191033 -0.0339944
0.899663 -0.0225021 -0.0339944
0.999606 -0.0259009 -0.0339944
1.09955 -0.0292997 -0.0339944
1.19949 -0.0326984 -0.0339944
1.24946 -0.0343978 -0.0339944
1.29943 -0.0360972 -0.0339944
1.39937 -0.039496 -0.0339944
1.49932 -0.0428948 -0.0339944
1.59926 -0.0462936 -0.0339944
1.6992 -0.0496924 -0.0339944
1.79914 -0.0530912 -0.0339944
1.89909 -0.05649 -0.0339944
1.99903 -0.0598887 -0.0339944
2.09897 -0.0632875 -0.0339944
2.19891 -0.0666863 -0.0339944
2.29885 -0.0700851 -0.0339944
2.3988 -0.0734839 -0.0339944
2.49874 -0.0768827 -0.0339944
2.59868 -0.0802815 -0.0339944
2.69862 -0.0836803 -0.0339944
2.79857 -0.087079 -0.0339944
2.89851 -0.0904778 -0.0339944
2.99845 -0.0938766 -0.0339944
3.09839 -0.0972754 -0.0339944
3.19833 -0.100674 -0.0339944
3.29828 -0.104073 -0.0339944
3.39822 -0.107472 -0.0339944
3.49816 -0.110871 -0.0339944
3.5981 -0.114269 -0.0339944
3.69805 -0.117668 -0.0339944
3.79799 -0.121067 -0.0339944
3.89793 -0.124466 -0.0339944
3.99787 -0.127864 -0.0339944
4.09781 -0.131263 -0.0339944
4.19776 -0.134662 -0.0339944
4.2977 -0.138061 -0.0339944
4.39764 -0.14146 -0.0339944
4.59753 -0.148257 -0.0339944
4.69747 -0.151656 -0.0339944
4.79741 -0.155055 -0.0339944
4.89735 -0.158454 -0.0339944
4.99729 -0.161852 -0.0339944
5.09724 -0.165251 -0.0339944
5.19718 -0.16865 -0.0339944
5.29712 -0.172049 -0.0339944
5.39706 -0.175448 -0.0339944
5.49701 -0.178846 -0.0339944
5.59695 -0.182245 -0.0339944
5.69689 -0.185644 -0.0339944
5.79683 -0.189043 -0.0339944
5.89677 -0.192441 -0.0339944
5.99672 -0.19584 -0.0339944
6.09666 -0.199239 -0.0339944
6.1966 -0.202638 -0.0339944
6.29654 -0.206037 -0.0339944
6.39649 -0.209435 -0.0339944
6.49643 -0.212834 -0.0339944
6.59637 -0.216233 -0.0339944
6.69631 -0.219632 -0.0339944
6.79625 -0.223031 -0.0339944
6.8962 -0.226429 -0.0339944
6.99614 -0.229828 -0.0339944
7.09608 -0.233227 -0.0339944
7.19602 -0.236626 -0.0339944
7.29597 -0.240024 -0.0339944
7.39591 -0.243423 -0.0339944
7.49585 -0.246822 -0.0339944
7.59579 -0.250221 -0.0339944
7.69573 -0.25362 -0.0339944
7.79568 -0.257018 -0.0339944
7.89562 -0.260417 -0.0339944
7.99556 -0.263816 -0.0339944
8.0955 -0.267215 -0.0339944
8.19545 -0.270614 -0.0339944
8.29539 -0.274012 -0.0339944
8.39533 -0.277411 -0.0339944
8.49527 -0.28081 -0.0339944
8.59521 -0.284209 -0.0339944
8.69516 -0.287608 -0.0339944
8.7951 -0.291006 -0.0339944
8.89504 -0.294405 -0.0339944
8.99498 -0.297804 -0.0339944
9.09493 -0.301203 -0.0339944
9.19487 -0.304601 -0.0339944
9.29481 -0.308 -0.0339944
9.39475 -0.311399 -0.0339944
9.49469 -0.314798 -0.0339944
9.59464 -0.318197 -0.0339944
9.69458 -0.321595 -0.0339944
9.79452 -0.324994 -0.0339944
9.89446 -0.328393 -0.0339944
9.99441 -0.331792 -0.0339944
10.0943 -0.335191 -0.0339944
10.1943 -0.338589 -0.0339944
10.2942 -0.341988 -0.0339944
10.3942 -0.345387 -0.0339944
10.4941 -0.348786 -0.0339944
10.5941 -0.352184 -0.0339944
10.694 -0.355583 -0.0339944
10.7939 -0.358982 -0.0339944
10.8939 -0.362381 -0.0339944
10.9938 -0.36578 -0.0339944
11.0938 -0.369178 -0.0339944
11.1937 -0.372577 -0.0339944
11.2937 -0.375976 -0.0339944
11.3936 -0.379375 -0.0339944
11.4935 -0.382774 -0.0339944
11.5935 -0.386172 -0.0339944
11.6934 -0.389571 -0.0339944
11.7934 -0.39297 -0.0339944
11.8933 -0.396369 -0.0339944
11.9933 -0.399767 -0.0339944
12.0932 -0.403166 -0.0339944
12.1931 -0.406565 -0.0339944
12.2931 -0.409964 -0.0339944
12.393 -0.413363 -0.0339944
12.493 -0.416761 -0.0339944
12.5929 -0.42016 -0.0339944
12.6928 -0.423559 -0.0339944
12.7928 -0.426958 -0.0339944
12.8927 -0.430357 -0.0339944
12.9927 -0.433755 -0.0339944
13.0926 -0.437154 -0.0339944
13.1926 -0.440553 -0.0339944
13.2925 -0.443952 -0.0339944
13.3924 -0.447351 -0.0339944
13.4924 -0.450749 -0.0339944
13.5923 -0.454148 -0.0339944
13.6923 -0.457547 -0.0339944
13.7922 -0.460946 -0.0339944
13.8922 -0.464344 -0.0339944
13.9921 -0.467743 -0.0339944
14.092 -0.471142 -0.0339944
14.192 -0.474541 -0.0339944
14.2919 -0.47794 -0.0339944
14.3919 -0.481338 -0.0339944
14.4918 -0.484737 -0.0339944
14.5917 -0.488136 -0.0339944
14.6917 -0.491535 -0.0339944
14.7916 -0.494934 -0.0339944
14.8916 -0.498332 -0.0339944
14.9915 -0.501731 -0.0339944
15.0915 -0.50513 -0.0339944
15.1914 -0.508529 -0.0339944
15.2913 -0.511927 -0.0339944
15.3913 -0.515326 -0.0339944
15.4912 -0.518725 -0.0339944
15.5912 -0.522124 -0.0339944
15.6911 -0.525523 -0.0339944
15.7911 -0.528921 -0.0339944
15.891 -0.53232 -0.0339944
15.9909 -0.535719 -0.0339944
16.0909 -0.539118 -0.0339944
16.1908 -0.542517 -0.0339944
16.2908 -0.545915 -0.0339944
16.3907 -0.549314 -0.0339944
16.4907 -0.552713 -0.0339944
16.5906 -0.556112 -0.0339944
16.6905 -0.559511 -0.0339944
16.7905 -0.562909 -0.0339944
16.8904 -0.566308 -0.0339944
16.9904 -0.569707 -0.0339944
17.0903 -0.573106 -0.0339944
17.1902 -0.576504 -0.0339944
17.2902 -0.579903 -0.0339944
17.3901 -0.583302 -0.0339944
17.4901 -0.586701 -0.0339944
17.59 -0.5901 -0.0339944
17.69 -0.593498 -0.0339944
17.7899 -0.596897 -0.0339944
17.8898 -0.600296 -0.0339944
17.9898 -0.603695 -0.0339944
18.0897 -0.607094 -0.0339944
18.1897 -0.610492 -0.0339944
18.2896 -0.613891 -0.0339944
18.3896 -0.61729 -0.0339944
18.4895 -0.620689 -0.0339944
18.5894 -0.624087 -0.0339944
18.6894 -0.627486 -0.0339944
18.7893 -0.630885 -0.0339944
18.8893 -0.634284 -0.0339944
0 0 0
18.9892 -0.637683 -0.0339944
19.0891 -0.641081 -0.0339944
19.1891 -0.64448 -0.0339944
19.289 -0.647879 -0.0339944
19.389 -0.651278 -0.0339944
19.4889 -0.654677 -0.0339944
19.5889 -0.658075 -0.0339944
19.6888 -0.661474 -0.0339944
19.7887 -0.664873 -0.0339944
19.8887 -0.668272 -0.0339944
19.9886 -0.67167 -0.0339944
20.0886 -0.675069 -0.0339944
20.1885 -0.678468 -0.0339944
20.2885 -0.681867 -0.0339944
20.3884 -0.685266 -0.0339944
20.4883 -0.688664 -0.0339944
20.5883 -0.692063 -0.0339944
20.6882 -0.695462 -0.0339944
20.7882 -0.698861 -0.0339944
20.8881 -0.70226 -0.0339944
20.9881 -0.705658 -0.0339944
21.088 -0.709057 -0.0339944
21.1879 -0.712456 -0.0339944
21.2879 -0.715855 -0.0339944
21.3878 -0.719254 -0.0339944
21.4878 -0.722652 -0.0339944
21.5877 -0.726051 -0.0339944
21.6876 -0.72945 -0.0339944
21.7876 -0.732849 -0.0339944
21.8875 -0.736247 -0.0339944
21.9875 -0.739646 -0.0339944
22.0874 -0.743045 -0.0339944
22.1874 -0.746444 -0.0339944
22.2873 -0.749843 -0.0339944
22.3872 -0.753241 -0.0339944
22.4872 -0.75664 -0.0339944
22.5871 -0.760039 -0.0339944
22.6871 -0.763438 -0.0339944
22.787 -0.766837 -0.0339944
22.887 -0.770235 -0.0339944
22.9869 -0.773634 -0.0339944
23.0868 -0.777033 -0.0339944
23.1868 -0.780432 -0.0339944
23.2867 -0.78383 -0.0339944
23.3867 -0.787229 -0.0339944
23.4866 -0.790628 -0.0339944
23.5865 -0.794027 -0.0339944
23.6865 -0.797426 -0.0339944
23.7864 -0.800824 -0.0339944
23.8864 -0.804223 -0.0339944
23.9863 -0.807622 -0.0339944
24.0863 -0.811021 -0.0339944
24.1862 -0.81442 -0.0339944
24.2861 -0.817818 -0.0339944
24.3861 -0.821217 -0.0339944
24.486 -0.824616 -0.0339944
24.586 -0.828015 -0.0339944
24.6859 -0.831414 -0.0339944
24.7859 -0.834812 -0.0339944
24.8858 -0.838211 -0.0339944
24.9857 -0.84161 -0.0339944
25.0857 -0.845009 -0.0339944
25.1856 -0.848407 -0.0339944
25.2856 -0.851806 -0.0339944
25.3855 -0.855205 -0.0339944
25.4855 -0.858604 -0.0339944
25.5854 -0.862003 -0.0339944
25.6853 -0.865401 -0.0339944
25.7853 -0.8688 -0.0339944
25.8852 -0.872199 -0.0339944
25.9852 -0.875598 -0.0339944
26.0851 -0.878997 -0.0339944
26.185 -0.882395 -0.0339944
26.285 -0.885794 -0.0339944
26.3849 -0.889193 -0.0339944
26.4849 -0.892592 -0.0339944
26.5848 -0.89599 -0.0339944
26.6848 -0.899389 -0.0339944
26.7847 -0.902788 -0.0339944
26.8846 -0.906187 -0.0339944
26.9846 -0.909586 -0.0339944
27.0845 -0.912984 -0.0339944
27.1845 -0.916383 -0.0339944
27.2844 -0.919782 -0.0339944
27.3844 -0.923181 -0.0339944
27.4843 -0.92658 -0.0339944
27.5842 -0.929978 -0.0339944
27.6842 -0.933377 -0.0339944
27.7841 -0.936776 -0.0339944
27.8841 -0.940175 -0.0339944
27.984 -0.943573 -0.0339944
28.0839 -0.946972 -0.0339944
28.1839 -0.950371 -0.0339944
28.2838 -0.95377 -0.0339944
28.3838 -0.957169 -0.0339944
28.4837 -0.960567 -0.0339944
28.5837 -0.963966 -0.0339944
28.6836 -0.967365 -0.0339944
28.7835 -0.970764 -0.0339944
28.8835 -0.974163 -0.0339944
28.9834 -0.977561 -0.0339944
29.0834 -0.98096 -0.0339944
29.1833 -0.984359 -0.0339944
29.2833 -0.987758 -0.0339944
29.3832 -0.991157 -0.0339944
29.4831 -0.994555 -0.0339944
29.5831 -0.997954 -0.0339944
29.683 -1.00135 -0.0339944
29.783 -1.00475 -0.0339944
29.8829 -1.00815 -0.0339944
29.9829 -1.01155 -0.0339944
30.0828 -1.01495 -0.0339944
30.1827 -1.01835 -0.0339944
30.2827 -1.02175 -0.0339944
30.3826 -1.02514 -0.0339944
30.4826 -1.02854 -0.0339944
30.5825 -1.03194 -0.0339944
30.6824 -1.03534 -0.0339944
30.7824 -1.03874 -0.0339944
30.8823 -1.04214 -0.0339944
30.9823 -1.04554 -0.0339944
31.0822 -1.04894 -0.0339944
31.1822 -1.05233 -0.0339944
31.2821 -1.05573 -0.0339944
31.382 -1.05913 -0.0339944
31.482 -1.06253 -0.0339944
31.5819 -1.06593 -0.0339944
31.6819 -1.06933 -0.0339944
31.7818 -1.07273 -0.0339944
31.8818 -1.07613 -0.0339944
31.9817 -1.07952 -0.0339944
32.0816 -1.08292 -0.0339944
32.1816 -1.08632 -0.0339944
32.2815 -1.08972 -0.0339944
32.3815 -1.09312 -0.0339944
32.4814 -1.09652 -0.0339944
32.5813 -1.09992 -0.0339944
32.6813 -1.10332 -0.0339944
32.7812 -1.10672 -0.0339944
32.8812 -1.11011 -0.0339944
32.9811 -1.11351 -0.0339944
33.0811 -1.11691 -0.0339944
33.181 -1.12031 -0.0339944
33.2809 -1.12371 -0.0339944
33.3809 -1.12711 -0.0339944
33.4808 -1.13051 -0.0339944
33.5808 -1.13391 -0.0339944
33.6807 -1.1373 -0.0339944
33.7807 -1.1407 -0.0339944
33.8806 -1.1441 -0.0339944
33.9805 -1.1475 -0.0339944
34.0805 -1.1509 -0.0339944
34.1804 -1.1543 -0.0339944
34.2804 -1.1577 -0.0339944
34.3803 -1.1611 -0.0339944
34.4803 -1.16449 -0.0339944
34.5802 -1.16789 -0.0339944
34.6801 -1.17129 -0.0339944
34.7801 -1.17469 -0.0339944
34.88 -1.17809 -0.0339944
34.98 -1.18149 -0.0339944
35.0799 -1.18489 -0.0339944
35.1798 -1.18829 -0.0339944
35.2798 -1.19168 -0.0339944
35.3797 -1.19477 -0.0273275
35.4797 -1.19715 -0.0201846
35.5797 -1.19881 -0.0130418
35.6797 -1.19976 -0.0058989
35.7797 -1.19999 0.00124396
35.8797 -1.19951 0.00838681
35.9797 -1.19831 0.0155297
36.0797 -1.1964 0.0226725
36.1796 -1.19378 0.0298154
36.2796 -1.19044 0.0369582
36.3795 -1.18639 0.0441011
36.4794 -1.18162 0.051244
36.5792 -1.17614 0.0583868
36.679 -1.16995 0.0655297
36.7788 -1.16305 0.0726725
36.8785 -1.15543 0.0798154
36.9782 -1.1471 0.0869582
37.0777 -1.13806 0.0941011
37.1773 -1.12831 0.101244
37.2767 -1.11785 0.108387
37.3761 -1.10667 0.11553
37.4754 -1.09479 0.122673
37.5746 -1.0822 0.129815
37.6737 -1.0689 0.136958
37.7727 -1.0549 0.144101
37.8716 -1.04018 0.151244
37.9704 -1.02476 0.158387
38.0691 -1.00864 0.16553
38.1677 -0.991807 0.172673
38.2661 -0.974274 0.179815
38.3645 -0.956038 0.186958
38.4627 -0.9371 0.194101
38.5607 -0.917462 0.201244
38.6586 -0.897123 0.208387
38.7564 -0.876086 0.21553
38.854 -0.85435 0.222673
38.9514 -0.831919 0.229815
39.0487 -0.808791 0.236958
39.1459 -0.78497 0.244101
39.2428 -0.760455 0.251244
39.3396 -0.735248 0.258387
39.4362 -0.709351 0.26553
39.5326 -0.682765 0.272673
39.6288 -0.65549 0.279815
39.7248 -0.627529 0.286958
39.8206 -0.598883 0.294101
39.9162 -0.569554 0.301244
40.0116 -0.539542 0.308387
40.1068 -0.50885 0.31553
40.2017 -0.477479 0.322673
40.2964 -0.44543 0.329815
40.3909 -0.412706 0.336958
40.4852 -0.379307 0.344101
40.5792 -0.345236 0.351244
40.673 -0.310494 0.358387
40.7665 -0.275084 0.36553
40.8598 -0.239006 0.372673
40.9528 -0.202263 0.379815
41.0455 -0.164857 0.386958
41.138 -0.126789 0.394101
41.2302 -0.0880621 0.401244
41.3221 -0.0486772 0.408387
41.4137 -0.00863688 0.41553
41.5051 0.032057 0.422673
41.5961 0.0734023 0.429815
41.6869 0.115397 0.436958
41.7773 0.158039 0.444101
41.8675 0.201325 0.451244
41.9573 0.245255 0.458387
42.0468 0.289825 0.46553
42.136 0.335033 0.472673
42.2249 0.380878 0.479815
42.3134 0.427356 0.486958
42.4016 0.474465 0.494101
42.4895 0.522203 0.501244
42.577 0.570568 0.508387
42.6642 0.619556 0.51553
42.751 0.669166 0.522673
42.8375 0.719395 0.529815
42.9236 0.77024 0.536958
43.0094 0.821699 0.544101
43.0947 0.873769 0.551244
43.1797 0.926447 0.558387
43.2644 0.979732 0.56553
43.3486 1.03362 0.572673
43.4325 1.08811 0.579815
43.5159 1.14319 0.586958
43.599 1.19887 0.594101
43.6816 1.25514 0.601244
43.7639 1.312 0.608387
43.8458 1.36945 0.61553
43.9272 1.42748 0.622673
44.0082 1.48609 0.629815
44.0888 1.54528 0.636958
44.169 1.60504 0.644101
44.2487 1.66538 0.651244
44.3281 1.72628 0.658387
44.4069 1.78774 0.66553
44.4854 1.84977 0.672673
44.5634 1.91236 0.679815
44.6409 1.9755 0.686958
44.718 2.03919 0.694101
44.7946 2.10344 0.701244
44.8708 2.16823 0.708387
44.9465 2.23356 0.71553
45.0218 2.29943 0.722673
45.0965 2.36583 0.729815
45.1708 2.43277 0.736958
45.2446 2.50024 0.744101
45.318 2.56823 0.751244
45.3908 2.63675 0.758387
45.4631 2.70578 0.76553
45.535 2.77533 0.772673
45.6064 2.84539 0.779815
45.6772 2.91596 0.786958
45.7476 2.98703 0.794101
45.8174 3.05861 0.801244
45.8867 3.13068 0.808387
45.9555 3.20324 0.81553
46.0238 3.27629 0.822673
46.0916 3.34983 0.829815
46.1588 3.42385 0.836958
46.2255 3.49835 0.844101
46.2917 3.57333 0.851244
46.3573 3.64877 0.858387
46.4224 3.72468 0.86553
46.487 3.80106 0.872673
46.551 3.87789 0.879815
46.6144 3.95518 0.886958
46.6773 4.03292 0.894101
46.7397 4.11111 0.901244
46.8015 4.18974 0.908387
46.8627 4.26881 0.91553
46.9233 4.34832 0.922673
46.9834 4.42825 0.929815
47.0429 4.50862 0.936958
47.1019 4.5894 0.944101
47.1602 4.67061 0.951244
47.218 4.75223 0.958387
47.2752 4.83426 0.96553
47.3318 4.9167 0.972673
47.3878 4.99954 0.979815
47.4432 5.08278 0.986958
47.498 5.16641 0.994101
47.5523 5.25043 1.00124
47.6059 5.33483 1.00839
47.6589 5.41962 1.01553
47.7113 5.50478 1.02267
47.7631 5.59032 1.02982
47.8143 5.67622 1.03696
47.8649 5.76249 1.0441
47.9149 5.84912 1.05124
47.9642 5.9361 1.05839
48.0129 6.02343 1.06553
48.061 6.11111 1.07267
48.1085 6.19912 1.07982
48.1553 6.28748 1.08696
48.2015 6.37617 1.0941
48.2471 6.46518 1.10124
48.292 6.55452 1.10839
48.3363 6.64417 1.11553
48.3799 6.73415 1.12267
48.4229 6.82443 1.12982
48.4653 6.91501 1.13696
48.507 7.0059 1.1441
48.5481 7.09708 1.15124
48.5885 7.18855 1.15839
48.6282 7.28031 1.16553
48.6673 7.37235 1.17267
48.7058 7.46466 1.17982
48.7436 7.55725 1.18696
48.7807 7.65011 1.1941
48.8171 7.74323 1.20124
48.8529 7.8366 1.20839
48.888 7.93023 1.21553
48.9225 8.02411 1.22267
48.9563 8.11824 1.22982
48.9894 8.2126 1.23696
49.0218 8.30719 1.2441
49.0535 8.40202 1.25124
49.0846 8.49707 1.25839
49.115 8.59233 1.26553
49.1447 8.68782 1.27267
49.1738 8.78351 1.27982
49.2021 8.87941 1.28696
49.2298 8.97551 1.2941
49.2567 9.0718 1.30124
49.283 9.16828 1.30839
49.3086 9.26495 1.31553
49.3335 9.3618 1.32267
49.3577 9.45883 1.32982
49.3813 9.55602 1.33696
49.4041 9.65338 1.3441
49.4262 9.7509 1.35124
49.4476 9.84858 1.35839
49.4684 9.9464 1.36553
49.4884 10.0444 1.37267
49.5077 10.1425 1.37982
49.5264 10.2407 1.38696
49.5443 10.3391 1.3941
49.5615 10.4376 1.40124
49.578 10.5362 1.40839
49.5939 10.635 1.41553
49.609 10.7338 1.42267
49.6234 10.8328 1.42982
49.6371 10.9319 1.43696
49.6501 11.031 1.4441
49.6623 11.1303 1.45124
49.6739 11.2296 1.45839
49.6848 11.329 1.46553
49.6949 11.4285 1.47267
49.7044 11.528 1.47982
49.7131 11.6276 1.48696
49.7211 11.7273 1.4941
49.7284 11.8271 1.50124
49.735 11.9268 1.50839
49.7409 12.0267 1.51553
49.7461 12.1265 1.52267
49.7505 12.2264 1.52982
49.7543 12.3264 1.53696
49.7573 12.4263 1.5441
49.7596 12.5263 1.55124
49.7612 12.6263 1.55839
49.7621 12.7263 1.56553
49.7623 12.8263 1.57267
49.7617 12.9263 1.57982
49.7604 13.0263 1.58696
49.7585 13.1262 1.5941
49.7558 13.2262 1.60124
49.7524 13.3261 1.60839
49.7483 13.4261 1.61553
49.7434 13.5259 1.62267
49.7379 13.6258 1.62982
49.7316 13.7256 1.63696
49.7247 13.8253 1.6441
49.717 13.9251 1.65124
49.7086 14.0247 1.65839
49.6995 14.1243 1.66553
49.6897 14.2238 1.67267
49.6792 14.3232 1.67982
49.6679 14.4226 1.68696
49.656 14.5219 1.6941
49.6433 14.6211 1.70124
49.63 14.7202 1.70839
49.6159 14.8192 1.71553
49.6011 14.9181 1.72267
49.5856 15.0169 1.72982
49.5695 15.1156 1.73696
49.5526 15.2141 1.7441
49.535 15.3126 1.75124
49.5167 15.4109 1.75839
49.4977 15.5091 1.76553
49.478 15.6071 1.77267
49.4576 15.705 1.77982
49.4365 15.8028 1.78696
49.4147 15.9003 1.7941
49.3922 15.9978 1.80124
49.369 16.0951 1.80839
49.3451 16.1922 1.81553
49.3205 16.2891 1.82267
49.2953 16.3859 1.82982
49.2693 16.4824 1.83696
49.2427 16.5788 1.8441
49.2153 16.675 1.85124
49.1873 16.771 1.85839
49.1586 16.8668 1.86553
49.1292 16.9624 1.87267
49.0991 17.0577 1.87982
49.0684 17.1529 1.88696
49.0369 17.2478 1.8941
49.0048 17.3425 1.90124
48.9721 17.437 1.90839
48.9386 17.5312 1.91553
48.9045 17.6252 1.92267
48.8697 17.719 1.92982
48.8342 17.8125 1.93696
48.7981 17.9057 1.9441
48.7613 17.9987 1.95124
48.7238 18.0914 1.95839
48.6857 18.1839 1.96553
48.6469 18.276 1.97267
48.6074 18.3679 1.97982
48.5673 18.4595 1.98696
48.5266 18.5509 1.9941
48.4852 18.6419 2.00124
48.4431 18.7326 2.00839
48.4004 18.823 2.01553
48.3571 18.9132 2.02267
48.3131 19.003 2.02982
48.2685 19.0925 2.03696
48.2232 19.1816 2.0441
48.1773 19.2705 2.05124
48.1308 19.359 2.05839
48.0836 19.4472 2.06553
48.0358 19.535 2.07267
47.9874 19.6225 2.07982
47.9384 19.7096 2.08696
47.8887 19.7964 2.0941
47.8384 19.8829 2.10124
47.7875 19.9689 2.10839
47.736 20.0547 2.11553
47.6839 20.14 2.12267
47.6311 20.225 2.12982
47.5778 20.3096 2.13696
47.5239 20.3938 2.1441
47.4693 20.4776 2.15124
47.4142 20.561 2.15839
47.3584 20.644 2.16553
47.3021 20.7267 2.17267
47.2452 20.8089 2.17982
47.1877 20.8907 2.18696
47.1296 20.9721 2.1941
47.071 21.0531 2.20124
47.0117 21.1337 2.20839
46.9519 21.2138 2.21553
46.8915 21.2935 2.22267
46.8306 21.3728 2.22982
46.7691 21.4516 2.23696
46.707 21.53 2.2441
46.6444 21.608 2.25124
46.5812 21.6855 2.25839
46.5174 21.7625 2.26553
46.4531 21.8391 2.27267
46.3883 21.9153 2.27982
46.3229 21.9909 2.28696
46.257 22.0661 2.2941
46.1905 22.1408 2.30124
46.1236 22.2151 2.30839
46.056 22.2889 2.31553
45.988 22.3621 2.32267
45.9194 22.4349 2.32982
45.8504 22.5072 2.33696
45.7808 22.5791 2.3441
45.7107 22.6504 2.35124
45.64 22.7212 2.35839
45.5689 22.7915 2.36553
45.4973 22.8613 2.37267
45.4252 22.9305 2.37982
45.3526 22.9993 2.38696
45.2795 23.0675 2.3941
45.2059 23.1353 2.40124
45.1318 23.2025 2.40839
45.0573 23.2691 2.41553
44.9823 23.3352 2.42267
44.9068 23.4008 2.42982
44.8309 23.4659 2.43696
44.7544 23.5304 2.4441
44.6776 23.5943 2.45124
44.6002 23.6577 2.45839
44.5225 23.7206 2.46553
44.4442 23.7829 2.47267
44.3656 23.8446 2.47982
44.2864 23.9058 2.48696
44.2069 23.9664 2.4941
44.1269 24.0264 2.50124
44.0465 24.0859 2.50839
43.9657 24.1448 2.51553
43.8845 24.2031 2.52267
43.8028 24.2608 2.52982
43.7207 24.3179 2.53696
43.6383 24.3745 2.5441
43.5554 24.4305 2.55124
43.4721 24.4858 2.55839
43.3884 24.5406 2.56553
43.3044 24.5948 2.57267
43.22 24.6483 2.57982
43.1351 24.7013 2.58696
43.0499 24.7537 2.5941
42.9644 24.8054 2.60124
42.8784 24.8565 2.60839
42.7921 24.9071 2.61553
42.7055 24.957 2.62267
42.6185 25.0063 2.62982
42.5311 25.0549 2.63696
42.4434 25.103 2.6441
42.3553 25.1504 2.65124
42.267 25.1971 2.65839
42.1782 25.2433 2.66553
42.0892 25.2888 2.67267
41.9998 25.3337 2.67982
41.9102 25.3779 2.68696
41.8202 25.4215 2.6941
41.7298 25.4644 2.70124
41.6392 25.5067 2.70839
41.5483 25.5484 2.71553
41.4571 25.5894 2.72267
41.3656 25.6298 2.72982
41.2738 25.6694 2.73696
41.1818 25.7085 2.7441
41.0894 25.7469 2.75124
40.9968 25.7846 2.75839
40.9039 25.8216 2.76553
40.8108 25.858 2.77267
40.7174 25.8938 2.77982
40.6237 25.9288 2.78696
40.5298 25.9632 2.7941
40.4357 25.9969 2.80124
40.3413 26.03 2.80839
40.1519 26.094 2.82267
40.0568 26.1251 2.82982
39.9615 26.1554 2.83696
39.866 26.185 2.8441
39.7703 26.214 2.85124
39.6744 26.2423 2.85839
39.5783 26.2699 2.86553
39.4819 26.2968 2.87267
39.3854 26.323 2.87982
39.2888 26.3486 2.88696
39.1919 26.3734 2.8941
39.0949 26.3976 2.90124
38.9976 26.421 2.90839
38.9003 26.4438 2.91553
38.8027 26.4659 2.92267
38.705 26.4872 2.92982
38.6072 26.5079 2.93696
38.5092 26.5279 2.9441
38.4111 26.5471 2.95124
38.3128 26.5657 2.95839
38.2144 26.5836 2.96553
38.1159 26.6007 2.97267
38.0173 26.6172 2.97982
37.9185 26.633 2.98696
37.8197 26.648 2.9941
37.7207 26.6623 3.00124
37.6216 26.676 3.00839
37.5225 26.6889 3.01553
37.4232 26.7011 3.02267
37.3239 26.7126 3.02982
37.2245 26.7234 3.03696
37.125 26.7335 3.0441
37.0254 26.7429 3.05124
36.9258 26.7516 3.05839
36.8261 26.7595 3.06553
36.7264 26.7668 3.07267
36.6266 26.7733 3.07982
36.5268 26.7791 3.08696
36.4269 26.7842 3.0941
36.327 26.7886 3.10124
36.2271 26.7923 3.10839
36.1271 26.7952 3.11553
36.0271 26.7975 3.12267
35.9272 26.799 3.12982
35.8272 26.7998 3.13696
0 0 0
