8.57253e-16 -14 0
1.22125e-15 -14 -0.00714286
1.58207e-15 -14 -0.0142857
1.9984e-15 -14 -0.0214286
2.27596e-15 -14 -0.0285714
0.124006 -14.0042 -0.0339944
0.223949 -14.0076 -0.0339944
0.323891 -14.011 -0.0339944
0.423833 -14.0144 -0.0339944
0.523775 -14.0178 -0.0339944
0.623718 -14.0212 -0.0339944
0.72366 -14.0246 -0.0339944
0.773631 -14.0263 -0.0339944
0.823602 -14.028 -0.0339944
0.923544 -14.0314 -0.0339944
1.02349 -14.0348 -0.0339944
1.12343 -14.0382 -0.0339944
1.22337 -14.0416 -0.0339944
1.32331 -14.045 -0.0339944
1.42326 -14.0484 -0.0339944
1.5232 -14.0518 -0.0339944
1.62314 -14.0552 -0.0339944
1.72308 -14.0586 -0.0339944
1.82302 -14.062 -0.0339944
1.92297 -14.0654 -0.0339944
2.02291 -14.0688 -0.0339944
2.12285 -14.0722 -0.0339944
2.22279 -14.0756 -0.0339944
2.32274 -14.079 -0.0339944
2.42268 -14.0824 -0.0339944
2.52262 -14.0858 -0.0339944
2.62256 -14.0892 -0.0339944
2.7225 -14.0926 -0.0339944
2.82245 -14.096 -0.0339944
2.92239 -14.0994 -0.0339944
3.02233 -14.1028 -0.0339944
3.12227 -14.1062 -0.0339944
3.22222 -14.1096 -0.0339944
3.32216 -14.113 -0.0339944
3.4221 -14.1164 -0.0339944
3.52204 -14.1198 -0.0339944
3.62198 -14.1232 -0.0339944
3.72193 -14.1266 -0.0339944
3.82187 -14.13 -0.0339944
3.92181 -14.1334 -0.0339944
4.1217 -14.1402 -0.0339944
4.22164 -14.1436 -0.0339944
4.32158 -14.147 -0.0339944
4.42152 -14.1504 -0.0339944
4.52146 -14.1538 -0.0339944
4.62141 -14.1572 -0.0339944
4.72135 -14.1606 -0.0339944
4.82129 -14.164 -0.0339944
4.92123 -14.1674 -0.0339944
5.02118 -14.1708 -0.0339944
5.12112 -14.1742 -0.0339944
5.22106 -14.1776 -0.0339944
5.321 -14.181 -0.0339944
5.42094 -14.1844 -0.0339944
5.52089 -14.1878 -0.0339944
5.62083 -14.1912 -0.0339944
5.72077 -14.1945 -0.0339944
5.82071 -14.1979 -0.0339944
5.92066 -14.2013 -0.0339944
6.0206 -14.2047 -0.0339944
6.12054 -14.2081 -0.0339944
6.22048 -14.2115 -0.0339944
6.32042 -14.2149 -0.0339944
6.42037 -14.2183 -0.0339944
6.52031 -14.2217 -0.0339944
6.62025 -14.2251 -0.0339944
6.72019 -14.2285 -0.0339944
6.82014 -14.2319 -0.0339944
6.92008 -14.2353 -0.0339944
7.02002 -14.2387 -0.0339944
7.11996 -14.2421 -0.0339944
7.2199 -14.2455 -0.0339944
7.31985 -14.2489 -0.0339944
7.41979 -14.2523 -0.0339944
7.51973 -14.2557 -0.0339944
7.61967 -14.2591 -0.0339944
7.71962 -14.2625 -0.0339944
7.81956 -14.2659 -0.0339944
7.9195 -14.2693 -0.0339944
8.01944 -14.2727 -0.0339944
8.11938 -14.2761 -0.0339944
8.21933 -14.2795 -0.0339944
8.31927 -14.2829 -0.0339944
8.41921 -14.2863 -0.0339944
8.51915 -14.2897 -0.0339944
8.6191 -14.2931 -0.0339944
8.71904 -14.2965 -0.0339944
8.81898 -14.2999 -0.0339944
8.91892 -14.3033 -0.0339944
9.01886 -14.3067 -0.0339944
9.11881 -14.3101 -0.0339944
9.21875 -14.3135 -0.0339944
9.31869 -14.3169 -0.0339944
9.41863 -14.3203 -0.0339944
9.51858 -14.3237 -0.0339944
9.61852 -14.3271 -0.0339944
9.71846 -14.3305 -0.0339944
9.8184 -14.3339 -0.0339944
9.91834 -14.3373 -0.0339944
10.0183 -14.3407 -0.0339944
10.1182 -14.3441 -0.0339944
10.2182 -14.3475 -0.0339944
10.3181 -14.3509 -0.0339944
10.4181 -14.3543 -0.0339944
10.518 -14.3577 -0.0339944
10.6179 -14.3611 -0.0339944
10.7179 -14.3645 -0.0339944
10.8178 -14.3679 -0.0339944
10.9178 -14.3713 -0.0339944
11.0177 -14.3747 -0.0339944
11.1177 -14.3781 -0.0339944
11.2176 -14.3815 -0.0339944
11.3175 -14.3849 -0.0339944
11.4175 -14.3883 -0.0339944
11.5174 -14.3917 -0.0339944
11.6174 -14.3951 -0.0339944
11.7173 -14.3985 -0.0339944
11.8172 -14.4019 -0.0339944
11.9172 -14.4053 -0.0339944
12.0171 -14.4087 -0.0339944
12.1171 -14.4121 -0.0339944
12.217 -14.4155 -0.0339944
12.317 -14.4189 -0.0339944
12.4169 -14.4223 -0.0339944
12.5168 -14.4257 -0.0339944
12.6168 -14.4291 -0.0339944
12.7167 -14.4325 -0.0339944
12.8167 -14.4359 -0.0339944
12.9166 -14.4393 -0.0339944
13.0166 -14.4427 -0.0339944
13.1165 -14.4461 -0.0339944
13.2164 -14.4495 -0.0339944
13.3164 -14.4529 -0.0339944
13.4163 -14.4563 -0.0339944
13.5163 -14.4597 -0.0339944
13.6162 -14.4631 -0.0339944
13.7161 -14.4665 -0.0339944
13.8161 -14.4699 -0.0339944
13.916 -14.4732 -0.0339944
14.016 -14.4766 -0.0339944
14.1159 -14.48 -0.0339944
14.2159 -14.4834 -0.0339944
14.3158 -14.4868 -0.0339944
14.4157 -14.4902 -0.0339944
14.5157 -14.4936 -0.0339944
14.6156 -14.497 -0.0339944
14.7156 -14.5004 -0.0339944
14.8155 -14.5038 -0.0339944
14.9155 -14.5072 -0.0339944
15.0154 -14.5106 -0.0339944
15.1153 -14.514 -0.0339944
15.2153 -14.5174 -0.0339944
15.3152 -14.5208 -0.0339944
15.4152 -14.5242 -0.0339944
15.5151 -14.5276 -0.0339944
15.6151 -14.531 -0.0339944
15.715 -14.5344 -0.0339944
15.8149 -14.5378 -0.0339944
15.9149 -14.5412 -0.0339944
16.0148 -14.5446 -0.0339944
16.1148 -14.548 -0.0339944
16.2147 -14.5514 -0.0339944
16.3146 -14.5548 -0.0339944
16.4146 -14.5582 -0.0339944
16.5145 -14.5616 -0.0339944
16.6145 -14.565 -0.0339944
16.7144 -14.5684 -0.0339944
16.8144 -14.5718 -0.0339944
16.9143 -14.5752 -0.0339944
17.0142 -14.5786 -0.0339944
17.1142 -14.582 -0.0339944
17.2141 -14.5854 -0.0339944
17.3141 -14.5888 -0.0339944
17.414 -14.5922 -0.0339944
17.514 -14.5956 -0.0339944
17.6139 -14.599 -0.0339944
17.7138 -14.6024 -0.0339944
17.8138 -14.6058 -0.0339944
17.9137 -14.6092 -0.0339944
18.0137 -14.6126 -0.0339944
18.1136 -14.616 -0.0339944
18.2135 -14.6194 -0.0339944
18.3135 -14.6228 -0.0339944
18.4134 -14.6262 -0.0339944
8.57253e-16 -14 0
18.5134 -14.6296 -0.0339944
18.6133 -14.633 -0.0339944
18.7133 -14.6364 -0.0339944
18.8132 -14.6398 -0.0339944
18.9131 -14.6432 -0.0339944
19.0131 -14.6466 -0.0339944
19.113 -14.65 -0.0339944
19.213 -14.6534 -0.0339944
19.3129 -14.6568 -0.0339944
19.4129 -14.6602 -0.0339944
19.5128 -14.6636 -0.0339944
19.6127 -14.667 -0.0339944
19.7127 -14.6704 -0.0339944
19.8126 -14.6738 -0.0339944
19.9126 -14.6772 -0.0339944
20.0125 -14.6806 -0.0339944
20.1125 -14.684 -0.0339944
20.2124 -14.6874 -0.0339944
20.3123 -14.6908 -0.0339944
20.4123 -14.6942 -0.0339944
20.5122 -14.6976 -0.0339944
20.6122 -14.701 -0.0339944
20.7121 -14.7044 -0.0339944
20.812 -14.7078 -0.0339944
20.912 -14.7112 -0.0339944
21.0119 -14.7146 -0.0339944
21.1119 -14.718 -0.0339944
21.2118 -14.7214 -0.0339944
21.3118 -14.7248 -0.0339944
21.4117 -14.7282 -0.0339944
21.5116 -14.7316 -0.0339944
21.6116 -14.735 -0.0339944
21.7115 -14.7384 -0.0339944
21.8115 -14.7418 -0.0339944
21.9114 -14.7452 -0.0339944
22.0114 -14.7486 -0.0339944
22.1113 -14.752 -0.0339944
22.2112 -14.7553 -0.0339944
22.3112 -14.7587 -0.0339944
22.4111 -14.7621 -0.0339944
22.5111 -14.7655 -0.0339944
22.611 -14.7689 -0.0339944
22.7109 -14.7723 -0.0339944
22.8109 -14.7757 -0.0339944
22.9108 -14.7791 -0.0339944
23.0108 -14.7825 -0.0339944
23.1107 -14.7859 -0.0339944
23.2107 -14.7893 -0.0339944
23.3106 -14.7927 -0.0339944
23.4105 -14.7961 -0.0339944
23.5105 -14.7995 -0.0339944
23.6104 -14.8029 -0.0339944
23.7104 -14.8063 -0.0339944
23.8103 -14.8097 -0.0339944
23.9103 -14.8131 -0.0339944
24.0102 -14.8165 -0.0339944
24.1101 -14.8199 -0.0339944
24.2101 -14.8233 -0.0339944
24.31 -14.8267 -0.0339944
24.41 -14.8301 -0.0339944
24.5099 -14.8335 -0.0339944
24.6099 -14.8369 -0.0339944
24.7098 -14.8403 -0.0339944
24.8097 -14.8437 -0.0339944
24.9097 -14.8471 -0.0339944
25.0096 -14.8505 -0.0339944
25.1096 -14.8539 -0.0339944
25.2095 -14.8573 -0.0339944
25.3094 -14.8607 -0.0339944
25.4094 -14.8641 -0.0339944
25.5093 -14.8675 -0.0339944
25.6093 -14.8709 -0.0339944
25.7092 -14.8743 -0.0339944
25.8092 -14.8777 -0.0339944
25.9091 -14.8811 -0.0339944
26.009 -14.8845 -0.0339944
26.109 -14.8879 -0.0339944
26.2089 -14.8913 -0.0339944
26.3089 -14.8947 -0.0339944
26.4088 -14.8981 -0.0339944
26.5088 -14.9015 -0.0339944
26.6087 -14.9049 -0.0339944
26.7086 -14.9083 -0.0339944
26.8086 -14.9117 -0.0339944
26.9085 -14.9151 -0.0339944
27.0085 -14.9185 -0.0339944
27.1084 -14.9219 -0.0339944
27.2083 -14.9253 -0.0339944
27.3083 -14.9287 -0.0339944
27.4082 -14.9321 -0.0339944
27.5082 -14.9355 -0.0339944
27.6081 -14.9389 -0.0339944
27.7081 -14.9423 -0.0339944
27.808 -14.9457 -0.0339944
27.9079 -14.9491 -0.0339944
28.0079 -14.9525 -0.0339944
28.1078 -14.9559 -0.0339944
28.2078 -14.9593 -0.0339944
28.3077 -14.9627 -0.0339944
28.4077 -14.9661 -0.0339944
28.5076 -14.9695 -0.0339944
28.6075 -14.9729 -0.0339944
28.7075 -14.9763 -0.0339944
28.8074 -14.9797 -0.0339944
28.9074 -14.9831 -0.0339944
29.0073 -14.9865 -0.0339944
29.1073 -14.9899 -0.0339944
29.2072 -14.9933 -0.0339944
29.3071 -14.9967 -0.0339944
29.4071 -15.0001 -0.0339944
29.507 -15.0035 -0.0339944
29.607 -15.0069 -0.0339944
29.7069 -15.0103 -0.0339944
29.8068 -15.0137 -0.0339944
29.9068 -15.0171 -0.0339944
30.0067 -15.0205 -0.0339944
30.1067 -15.0239 -0.0339944
30.2066 -15.0273 -0.0339944
30.3066 -15.0307 -0.0339944
30.4065 -15.034 -0.0339944
30.5064 -15.0374 -0.0339944
30.6064 -15.0408 -0.0339944
30.7063 -15.0442 -0.0339944
30.8063 -15.0476 -0.0339944
30.9062 -15.051 -0.0339944
31.0062 -15.0544 -0.0339944
31.1061 -15.0578 -0.0339944
31.206 -15.0612 -0.0339944
31.306 -15.0646 -0.0339944
31.4059 -15.068 -0.0339944
31.5059 -15.0714 -0.0339944
31.6058 -15.0748 -0.0339944
31.7057 -15.0782 -0.0339944
31.8057 -15.0816 -0.0339944
31.9056 -15.085 -0.0339944
32.0056 -15.0884 -0.0339944
32.1055 -15.0918 -0.0339944
32.2055 -15.0952 -0.0339944
32.3054 -15.0986 -0.0339944
32.4053 -15.102 -0.0339944
32.5053 -15.1054 -0.0339944
32.6052 -15.1088 -0.0339944
32.7052 -15.1122 -0.0339944
32.8051 -15.1156 -0.0339944
32.9051 -15.119 -0.0339944
33.005 -15.1224 -0.0339944
33.1049 -15.1258 -0.0339944
33.2049 -15.1292 -0.0339944
33.3048 -15.1326 -0.0339944
33.4048 -15.136 -0.0339944
33.5047 -15.1394 -0.0339944
33.6047 -15.1428 -0.0339944
33.7046 -15.1462 -0.0339944
33.8045 -15.1496 -0.0339944
33.9045 -15.153 -0.0339944
34.0044 -15.1564 -0.0339944
34.1044 -15.1598 -0.0339944
34.2043 -15.1632 -0.0339944
34.3042 -15.1666 -0.0339944
34.4042 -15.17 -0.0339944
34.5041 -15.1734 -0.0339944
34.6041 -15.1768 -0.0339944
34.704 -15.1802 -0.0339944
34.804 -15.1836 -0.0339944
34.9972 -15.1895 -0.0273275
35.1971 -15.1943 -0.0201846
35.3971 -15.1976 -0.0130418
35.5971 -15.1995 -0.0058989
35.7971 -15.2 0.00124396
35.9971 -15.199 0.00838681
36.1971 -15.1966 0.0155297
36.3971 -15.1928 0.0226725
36.597 -15.1876 0.0298154
36.7969 -15.1809 0.0369582
36.9967 -15.1728 0.0441011
37.1965 -15.1632 0.051244
37.3962 -15.1523 0.0583868
37.5958 -15.1399 0.0655297
37.7953 -15.1261 0.0726725
37.9947 -15.1109 0.0798154
38.194 -15.0942 0.0869582
38.3932 -15.0761 0.0941011
38.5923 -15.0566 0.101244
38.7912 -15.0357 0.108387
38.9899 -15.0133 0.11553
39.1885 -14.9896 0.122673
39.3869 -14.9644 0.129815
39.5851 -14.9378 0.136958
39.7832 -14.9098 0.144101
39.981 -14.8804 0.151244
40.1786 -14.8495 0.158387
40.376 -14.8173 0.16553
40.5731 -14.7836 0.172673
40.77 -14.7485 0.179815
40.9667 -14.7121 0.186958
41.163 -14.6742 0.194101
41.3592 -14.6349 0.201244
41.555 -14.5942 0.208387
41.7505 -14.5522 0.21553
41.9457 -14.5087 0.222673
42.1406 -14.4638 0.229815
42.3352 -14.4176 0.236958
42.5294 -14.3699 0.244101
42.7233 -14.3209 0.251244
42.9169 -14.2705 0.258387
43.11 -14.2187 0.26553
43.3029 -14.1655 0.272673
43.4953 -14.111 0.279815
43.6873 -14.0551 0.286958
43.8789 -13.9978 0.294101
44.0701 -13.9391 0.301244
44.2609 -13.8791 0.308387
44.4512 -13.8177 0.31553
44.6411 -13.755 0.322673
44.8306 -13.6909 0.329815
45.0196 -13.6254 0.336958
45.2081 -13.5586 0.344101
45.3961 -13.4905 0.351244
45.5837 -13.421 0.358387
45.7707 -13.3502 0.36553
45.9572 -13.278 0.372673
46.1433 -13.2045 0.379815
46.3287 -13.1297 0.386958
46.5137 -13.0536 0.394101
46.6981 -12.9761 0.401244
46.8819 -12.8974 0.408387
47.0652 -12.8173 0.41553
47.2479 -12.7359 0.422673
47.43 -12.6532 0.429815
47.6115 -12.5692 0.436958
47.7924 -12.4839 0.444101
47.9727 -12.3973 0.451244
48.1523 -12.3095 0.458387
48.3314 -12.2203 0.46553
48.5098 -12.1299 0.472673
48.6875 -12.0382 0.479815
48.8646 -11.9453 0.486958
49.041 -11.8511 0.494101
49.2167 -11.7556 0.501244
49.3918 -11.6589 0.508387
49.5662 -11.5609 0.51553
49.7398 -11.4617 0.522673
49.9128 -11.3612 0.529815
50.085 -11.2595 0.536958
50.2565 -11.1566 0.544101
50.4272 -11.0525 0.551244
50.5972 -10.9471 0.558387
50.7664 -10.8405 0.56553
50.9349 -10.7328 0.572673
51.1026 -10.6238 0.579815
51.2695 -10.5136 0.586958
51.4357 -10.4023 0.594101
51.601 -10.2897 0.601244
51.7655 -10.176 0.608387
51.9292 -10.0611 0.61553
52.0921 -9.94504 0.622673
52.2542 -9.82782 0.629815
52.4154 -9.70944 0.636958
52.5757 -9.58992 0.644101
52.7352 -9.46925 0.651244
52.8938 -9.34745 0.658387
53.0516 -9.22452 0.66553
53.2085 -9.10046 0.672673
53.3645 -8.97529 0.679815
53.5196 -8.849 0.686958
53.6737 -8.72161 0.694101
53.827 -8.59313 0.701244
53.9793 -8.46355 0.708387
54.1308 -8.33288 0.71553
54.2812 -8.20114 0.722673
54.4308 -8.06833 0.729815
54.5794 -7.93445 0.736958
54.727 -7.79952 0.744101
54.8736 -7.66353 0.751244
55.0193 -7.5265 0.758387
55.164 -7.38843 0.76553
55.3077 -7.24933 0.772673
55.4504 -7.10921 0.779815
55.5921 -6.96808 0.786958
55.7328 -6.82593 0.794101
55.8725 -6.68279 0.801244
56.0111 -6.53865 0.808387
56.1488 -6.39352 0.81553
56.2853 -6.24741 0.822673
56.4209 -6.10034 0.829815
56.5553 -5.95229 0.836958
56.6888 -5.80329 0.844101
56.8211 -5.65335 0.851244
56.9524 -5.50246 0.858387
57.0826 -5.35063 0.86553
57.2117 -5.19788 0.872673
57.3397 -5.04422 0.879815
57.4666 -4.88964 0.886958
57.5924 -4.73416 0.894101
57.7171 -4.57778 0.901244
57.8406 -4.42052 0.908387
57.9631 -4.26238 0.91553
58.0844 -4.10337 0.922673
58.2045 -3.94349 0.929815
58.3236 -3.78277 0.936958
58.4414 -3.62119 0.944101
58.5582 -3.45878 0.951244
58.6737 -3.29554 0.958387
58.7881 -3.13148 0.96553
58.9013 -2.9666 0.972673
59.0133 -2.80092 0.979815
59.1242 -2.63445 0.986958
59.2338 -2.46719 0.994101
59.3423 -2.29914 1.00124
59.4495 -2.13033 1.00839
59.5556 -1.96076 1.01553
59.6604 -1.79043 1.02267
59.764 -1.61936 1.02982
59.8664 -1.44755 1.03696
59.9675 -1.27502 1.0441
60.0674 -1.10177 1.05124
60.1661 -0.927804 1.05839
60.2635 -0.753142 1.06553
60.3597 -0.577789 1.07267
60.4547 -0.401753 1.07982
60.5483 -0.225044 1.08696
60.6407 -0.0476696 1.0941
60.7319 0.13036 1.10124
60.8217 0.309036 1.10839
60.9103 0.488349 1.11553
60.9976 0.66829 1.12267
61.0836 0.84885 1.12982
61.1683 1.03002 1.13696
61.2518 1.21179 1.1441
61.3339 1.39415 1.15124
61.4147 1.5771 1.15839
61.4942 1.76061 1.16553
61.5724 1.94469 1.17267
61.6493 2.12933 1.17982
61.7248 2.3145 1.18696
61.7991 2.50022 1.1941
61.872 2.68645 1.20124
61.9435 2.87321 1.20839
62.0138 3.06047 1.21553
62.0827 3.24823 1.22267
62.1502 3.43647 1.22982
62.2164 3.62519 1.23696
62.2813 3.81439 1.2441
62.3448 4.00403 1.25124
62.407 4.19413 1.25839
62.4677 4.38467 1.26553
62.5272 4.57564 1.27267
62.5852 4.76702 1.27982
62.6419 4.95882 1.28696
62.6973 5.15101 1.2941
62.7512 5.3436 1.30124
62.8038 5.53657 1.30839
62.855 5.7299 1.31553
62.9048 5.9236 1.32267
62.9532 6.11765 1.32982
63.0002 6.31204 1.33696
63.0459 6.50676 1.3441
63.0901 6.7018 1.35124
63.133 6.89716 1.35839
63.1745 7.09281 1.36553
63.2145 7.28875 1.37267
63.2532 7.48498 1.37982
63.2905 7.68148 1.38696
63.3263 7.87824 1.3941
63.3608 8.07525 1.40124
63.3938 8.2725 1.40839
63.4254 8.46998 1.41553
63.4557 8.66768 1.42267
63.4845 8.8656 1.42982
63.5119 9.06371 1.43696
63.5379 9.26202 1.4441
63.5624 9.4605 1.45124
63.5856 9.65916 1.45839
63.6073 9.85797 1.46553
63.6276 10.0569 1.47267
63.6465 10.256 1.47982
63.6639 10.4553 1.48696
63.68 10.6546 1.4941
63.6946 10.8541 1.50124
63.7078 11.0537 1.50839
63.7195 11.2533 1.51553
63.7299 11.4531 1.52267
63.7388 11.6529 1.52982
63.7462 11.8527 1.53696
63.7523 12.0526 1.5441
63.7569 12.2526 1.55124
63.7601 12.4525 1.55839
63.7619 12.6525 1.56553
63.7622 12.8525 1.57267
63.7611 13.0525 1.57982
63.7586 13.2525 1.58696
63.7547 13.4525 1.5941
63.7493 13.6524 1.60124
63.7425 13.8523 1.60839
63.7343 14.0521 1.61553
63.7246 14.2519 1.62267
63.7135 14.4516 1.62982
63.701 14.6512 1.63696
63.6871 14.8507 1.6441
63.6717 15.0501 1.65124
63.6549 15.2494 1.65839
63.6367 15.4486 1.66553
63.6171 15.6476 1.67267
63.5961 15.8465 1.67982
63.5736 16.0452 1.68696
63.5497 16.2438 1.6941
63.5244 16.4422 1.70124
63.4977 16.6404 1.70839
63.4695 16.8384 1.71553
63.44 17.0362 1.72267
63.409 17.2338 1.72982
63.3766 17.4312 1.73696
63.3428 17.6283 1.7441
63.3077 17.8252 1.75124
63.2711 18.0218 1.75839
63.2331 18.2181 1.76553
63.1937 18.4142 1.77267
63.1529 18.61 1.77982
63.1107 18.8055 1.78696
63.0671 19.0007 1.7941
63.0221 19.1956 1.80124
62.9757 19.3901 1.80839
62.9279 19.5843 1.81553
62.8788 19.7782 1.82267
62.8282 19.9717 1.82982
62.7763 20.1649 1.83696
62.723 20.3576 1.8441
62.6684 20.55 1.85124
62.6123 20.742 1.85839
62.5549 20.9336 1.86553
62.4961 21.1247 1.87267
62.436 21.3155 1.87982
62.3745 21.5058 1.88696
62.3116 21.6957 1.8941
62.2474 21.8851 1.90124
62.1818 22.074 1.90839
62.1149 22.2625 1.91553
62.0467 22.4505 1.92267
61.9771 22.638 1.92982
61.9061 22.825 1.93696
61.8338 23.0114 1.9441
61.7602 23.1974 1.95124
61.6853 23.3828 1.95839
61.6091 23.5677 1.96553
61.5315 23.7521 1.97267
61.4526 23.9359 1.97982
61.3724 24.1191 1.98696
61.2909 24.3017 1.9941
61.2081 24.4838 2.00124
61.124 24.6652 2.00839
61.0386 24.8461 2.01553
60.9519 25.0263 2.02267
60.8639 25.2059 2.02982
60.7747 25.3849 2.03696
60.6841 25.5632 2.0441
60.5923 25.7409 2.05124
60.4993 25.918 2.05839
60.4049 26.0943 2.06553
60.3094 26.27 2.07267
60.2125 26.445 2.07982
60.1144 26.6193 2.08696
60.0151 26.7929 2.0941
59.9145 26.9657 2.10124
59.8127 27.1379 2.10839
59.7097 27.3093 2.11553
59.6055 27.48 2.12267
59.5 27.6499 2.12982
59.3933 27.8191 2.13696
59.2854 27.9875 2.1441
59.1764 28.1552 2.15124
59.0661 28.322 2.15839
58.9546 28.4881 2.16553
58.842 28.6533 2.17267
58.7281 28.8178 2.17982
58.6131 28.9814 2.18696
58.497 29.1442 2.1941
58.3797 29.3062 2.20124
58.2612 29.4673 2.20839
58.1416 29.6276 2.21553
58.0208 29.787 2.22267
57.8989 29.9456 2.22982
57.7759 30.1032 2.23696
57.6517 30.26 2.2441
57.5264 30.4159 2.25124
57.4 30.571 2.25839
57.2726 30.7251 2.26553
57.144 30.8782 2.27267
57.0143 31.0305 2.27982
56.8835 31.1818 2.28696
56.7517 31.3322 2.2941
56.6188 31.4817 2.30124
56.4848 31.6302 2.30839
56.3498 31.7777 2.31553
56.2137 31.9243 2.32267
56.0766 32.0699 2.32982
55.9384 32.2145 2.33696
55.7993 32.3581 2.3441
55.659 32.5007 2.35124
55.5178 32.6423 2.35839
55.3756 32.783 2.36553
55.2323 32.9225 2.37267
55.0881 33.0611 2.37982
54.9429 33.1986 2.38696
54.7967 33.3351 2.3941
54.6495 33.4705 2.40124
54.5014 33.6049 2.40839
54.3523 33.7382 2.41553
54.2023 33.8705 2.42267
54.0513 34.0017 2.42982
53.8994 34.1318 2.43696
53.7466 34.2608 2.4441
53.5928 34.3887 2.45124
53.4382 34.5155 2.45839
53.2826 34.6412 2.46553
53.1262 34.7658 2.47267
52.9688 34.8892 2.47982
52.8106 35.0116 2.48696
52.6515 35.1328 2.4941
52.4916 35.2528 2.50124
52.3308 35.3718 2.50839
52.1691 35.4895 2.51553
52.0066 35.6062 2.52267
51.8433 35.7216 2.52982
51.6792 35.8359 2.53696
51.5142 35.949 2.5441
51.3485 36.0609 2.55124
51.182 36.1716 2.55839
51.0146 36.2812 2.56553
50.8465 36.3895 2.57267
50.6776 36.4967 2.57982
50.508 36.6026 2.58696
50.3376 36.7073 2.5941
50.1665 36.8108 2.60124
49.9946 36.9131 2.60839
49.822 37.0141 2.61553
49.6487 37.1139 2.62267
49.4746 37.2125 2.62982
49.2999 37.3098 2.63696
49.1245 37.4059 2.6441
48.9484 37.5007 2.65124
48.7716 37.5943 2.65839
48.5942 37.6866 2.66553
48.4161 37.7776 2.67267
48.2374 37.8673 2.67982
48.058 37.9558 2.68696
47.878 38.043 2.6941
47.6974 38.1289 2.70124
47.5162 38.2135 2.70839
47.3344 38.2968 2.71553
47.152 38.3788 2.72267
46.969 38.4595 2.72982
46.7854 38.5389 2.73696
46.6013 38.617 2.7441
46.4166 38.6937 2.75124
46.2314 38.7692 2.75839
46.0456 38.8433 2.76553
45.8593 38.9161 2.77267
45.6725 38.9875 2.77982
45.4852 39.0577 2.78696
45.2974 39.1264 2.7941
45.1091 39.1939 2.80124
44.9204 39.26 2.80839
44.5414 39.3881 2.82267
44.3513 39.4501 2.82982
44.1607 39.5108 2.83696
43.9697 39.5701 2.8441
43.7783 39.628 2.85124
43.5865 39.6846 2.85839
43.3942 39.7398 2.86553
43.2016 39.7936 2.87267
43.0086 39.8461 2.87982
42.8152 39.8972 2.88696
42.6215 39.9468 2.8941
42.4274 39.9951 2.90124
42.233 40.0421 2.90839
42.0383 40.0876 2.91553
41.8432 40.1317 2.92267
41.6478 40.1744 2.92982
41.4521 40.2158 2.93696
41.2562 40.2557 2.9441
41.0599 40.2943 2.95124
40.8634 40.3314 2.95839
40.6666 40.3671 2.96553
40.4696 40.4015 2.97267
40.2723 40.4344 2.97982
40.0748 40.4659 2.98696
39.8771 40.496 2.9941
39.6792 40.5247 3.00124
39.481 40.552 3.00839
39.2827 40.5778 3.01553
39.0842 40.6022 3.02267
38.8855 40.6253 3.02982
38.6867 40.6469 3.03696
38.4877 40.667 3.0441
38.2886 40.6858 3.05124
38.0894 40.7031 3.05839
37.89 40.719 3.06553
37.6905 40.7335 3.07267
37.4909 40.7466 3.07982
37.2913 40.7582 3.08696
37.0915 40.7684 3.0941
36.8917 40.7772 3.10124
36.6919 40.7846 3.10839
36.492 40.7905 3.11553
36.292 40.795 3.12267
36.092 40.7981 3.12982
35.892 40.7997 3.13696
8.57253e-16 -14 0
