-8.57253e-16 14 0
-6.73073e-16 14 0.00357143
-4.996e-16 14 0.00714286
-2.77556e-16 14 0.0107143
-1.11022e-16 14 0.0142857
2.22045e-16 14 0.0214286
3.33067e-16 14 0.025
5.55112e-16 14 0.0285714
6.66134e-16 14 0.0321429
-2.22045e-15 14 0.0357143
-2.10942e-15 14 0.0392857
-1.77636e-15 14 0.0428571
-8.57253e-16 14 6.01347e-154
-1.66533e-15 14 0.0464286
-1.55431e-15 14 0.05
-1.11022e-15 14 0.0535714
-9.99201e-16 14 0.0571429
-7.77156e-16 14 0.0607143
-4.44089e-16 14 0.0642857
-3.33067e-16 14 0.0678571
-2.22045e-16 14 0.0714286
2.22045e-16 14 0.075
0 14 0.0785714
6.66134e-16 14 0.0821429
-2.44249e-15 14 0.0857143
-1.9984e-15 14 0.0892857
-1.77636e-15 14 0.0928571
-1.9984e-15 14 0.0964286
-1.55431e-15 14 0.1
-1.33227e-15 14 0.103571
-1.11022e-15 14 0.107143
-8.88178e-16 14 0.110714
-4.44089e-16 14 0.114286
-4.44089e-16 14 0.117857
-4.44089e-16 14 0.121429
0 14 0.125
4.44089e-16 14 0.128571
4.44089e-16 14 0.132143
8.88178e-16 14 0.135714
-1.77636e-15 14 0.139286
-2.44249e-15 14 0.142857
-1.77636e-15 14 0.146429
-1.77636e-15 14 0.15
-1.77636e-15 14 0.153571
0.0151456 14.0024 0.156048
0.113931 14.0179 0.156048
0.163323 14.0257 0.156048
0.212715 14.0335 0.156048
0.262108 14.0412 0.156048
0.3115 14.049 0.156048
0.360893 14.0568 0.156048
0.410285 14.0645 0.156048
0.459678 14.0723 0.156048
0.50907 14.0801 0.156048
0.558463 14.0879 0.156048
0.607855 14.0956 0.156048
0.657248 14.1034 0.156048
0.70664 14.1112 0.156048
0.756033 14.1189 0.156048
0.805425 14.1267 0.156048
0.854817 14.1345 0.156048
0.90421 14.1423 0.156048
0.953602 14.15 0.156048
1.00299 14.1578 0.156048
1.05239 14.1656 0.156048
1.10178 14.1733 0.156048
1.15117 14.1811 0.156048
1.20056 14.1889 0.156048
1.24996 14.1967 0.156048
1.29935 14.2044 0.156048
1.34874 14.2122 0.156048
1.39813 14.22 0.156048
1.44753 14.2277 0.156048
1.49692 14.2355 0.156048
1.54631 14.2433 0.156048
1.5957 14.251 0.156048
1.6451 14.2588 0.156048
1.69449 14.2666 0.156048
1.74388 14.2744 0.156048
1.79327 14.2821 0.156048
1.84267 14.2899 0.156048
1.89206 14.2977 0.156048
1.94145 14.3054 0.156048
1.99084 14.3132 0.156048
2.04024 14.321 0.156048
2.08963 14.3288 0.156048
2.13902 14.3365 0.156048
2.18841 14.3443 0.156048
2.23781 14.3521 0.156048
2.2872 14.3598 0.156048
2.33659 14.3676 0.156048
2.38598 14.3754 0.156048
2.43538 14.3831 0.156048
2.48477 14.3909 0.156048
2.53416 14.3987 0.156048
2.58355 14.4065 0.156048
2.63295 14.4142 0.156048
2.68234 14.422 0.156048
2.73173 14.4298 0.156048
2.78112 14.4375 0.156048
2.83052 14.4453 0.156048
2.87991 14.4531 0.156048
2.9293 14.4609 0.156048
2.97869 14.4686 0.156048
3.02809 14.4764 0.156048
3.07748 14.4842 0.156048
3.12687 14.4919 0.156048
3.17626 14.4997 0.156048
3.22566 14.5075 0.156048
3.27505 14.5153 0.156048
3.32444 14.523 0.156048
3.37383 14.5308 0.156048
3.42323 14.5386 0.156048
3.47262 14.5463 0.156048
3.52201 14.5541 0.156048
3.5714 14.5619 0.156048
3.6208 14.5696 0.156048
3.67019 14.5774 0.156048
3.71958 14.5852 0.156048
3.76897 14.593 0.156048
3.81837 14.6007 0.156048
3.86776 14.6085 0.156048
3.91715 14.6163 0.156048
3.96654 14.624 0.156048
4.01594 14.6318 0.156048
4.06533 14.6396 0.156048
4.11472 14.6474 0.156048
4.16411 14.6551 0.156048
4.2135 14.6629 0.156048
4.2629 14.6707 0.156048
4.31229 14.6784 0.156048
4.36168 14.6862 0.156048
4.41107 14.694 0.156048
4.46047 14.7018 0.156048
4.50986 14.7095 0.156048
4.55925 14.7173 0.156048
4.60864 14.7251 0.156048
4.65804 14.7328 0.156048
4.70743 14.7406 0.156048
4.75682 14.7484 0.156048
4.80621 14.7561 0.156048
4.85561 14.7639 0.156048
4.905 14.7717 0.156048
4.95439 14.7795 0.156048
5.00378 14.7872 0.156048
5.05318 14.795 0.156048
5.10257 14.8028 0.156048
5.15196 14.8105 0.156048
5.20135 14.8183 0.156048
5.25075 14.8261 0.156048
5.30014 14.8339 0.156048
5.34953 14.8416 0.156048
5.39892 14.8494 0.156048
5.44832 14.8572 0.156048
5.49771 14.8649 0.156048
5.5471 14.8727 0.156048
5.59649 14.8805 0.156048
5.64589 14.8882 0.156048
5.69528 14.896 0.156048
5.74467 14.9038 0.156048
5.79406 14.9116 0.156048
5.84346 14.9193 0.156048
5.89285 14.9271 0.156048
5.94224 14.9349 0.156048
5.99163 14.9426 0.156048
6.04103 14.9504 0.156048
6.09042 14.9582 0.156048
6.13981 14.966 0.156048
6.1892 14.9737 0.156048
6.2386 14.9815 0.156048
6.28799 14.9893 0.156048
6.33738 14.997 0.156048
6.38677 15.0048 0.156048
6.43617 15.0126 0.156048
6.48556 15.0204 0.156048
6.53495 15.0281 0.156048
6.58434 15.0359 0.156048
6.63374 15.0437 0.156048
6.68313 15.0514 0.156048
6.73252 15.0592 0.156048
6.78191 15.067 0.156048
6.83131 15.0747 0.156048
6.8807 15.0825 0.156048
6.93009 15.0903 0.156048
6.97948 15.0981 0.156048
7.02888 15.1058 0.156048
7.07827 15.1136 0.156048
7.12766 15.1214 0.156048
7.17705 15.1291 0.156048
-8.57253e-16 14 0
7.22645 15.1369 0.156048
7.27584 15.1447 0.156048
7.32523 15.1525 0.156048
7.37462 15.1602 0.156048
7.42025 15.1674 0.15632
7.42025 15.1674 0.159892
7.42025 15.1674 0.163463
7.42025 15.1674 0.167034
7.42025 15.1674 0.170606
7.42025 15.1674 0.174177
7.42025 15.1674 0.177749
7.42025 15.1674 0.18132
7.42025 15.1674 0.184892
7.42025 15.1674 0.188463
7.42025 15.1674 0.192034
7.42025 15.1674 0.195606
7.42025 15.1674 0.199177
7.42025 15.1674 0.202749
7.42025 15.1674 0.20632
7.42025 15.1674 0.209892
7.42025 15.1674 0.213463
7.42025 15.1674 0.217034
7.42025 15.1674 0.220606
7.42025 15.1674 0.224177
7.42025 15.1674 0.227749
7.42025 15.1674 0.23132
7.42025 15.1674 0.234892
7.42025 15.1674 0.238463
7.42025 15.1674 0.242034
7.42025 15.1674 0.245606
7.42025 15.1674 0.249177
7.42025 15.1674 0.252749
7.42025 15.1674 0.25632
7.42025 15.1674 0.259892
7.42025 15.1674 0.263463
7.42025 15.1674 0.267034
7.42025 15.1674 0.270606
7.42025 15.1674 0.274177
7.42025 15.1674 0.277749
7.42025 15.1674 0.28132
7.42025 15.1674 0.284892
7.42025 15.1674 0.288463
7.42025 15.1674 0.292034
7.42025 15.1674 0.295606
7.42025 15.1674 0.299177
7.42025 15.1674 0.302749
7.42025 15.1674 0.30632
7.42025 15.1674 0.309892
7.42025 15.1674 0.313463
7.42025 15.1674 0.317034
7.42025 15.1674 0.320606
7.42025 15.1674 0.324177
7.42025 15.1674 0.327749
7.42025 15.1674 0.33132
7.42025 15.1674 0.334892
7.42025 15.1674 0.338463
7.42025 15.1674 0.342034
7.42025 15.1674 0.345606
7.42025 15.1674 0.349177
7.42025 15.1674 0.352749
7.42025 15.1674 0.35632
7.42025 15.1674 0.359892
7.42025 15.1674 0.363463
7.42025 15.1674 0.367034
7.42025 15.1674 0.370606
7.42025 15.1674 0.374177
7.42025 15.1674 0.377749
7.42025 15.1674 0.38132
7.42025 15.1674 0.384892
7.42025 15.1674 0.388463
7.42025 15.1674 0.392034
7.42025 15.1674 0.395606
7.42025 15.1674 0.399177
7.42025 15.1674 0.402749
7.42025 15.1674 0.40632
7.42025 15.1674 0.409892
7.42025 15.1674 0.413463
7.42025 15.1674 0.417034
7.42025 15.1674 0.420606
7.42025 15.1674 0.424177
7.42025 15.1674 0.427749
7.42025 15.1674 0.43132
7.42025 15.1674 0.434892
7.42025 15.1674 0.438463
7.42025 15.1674 0.442034
7.42025 15.1674 0.445606
7.42025 15.1674 0.449177
7.42025 15.1674 0.452749
7.42025 15.1674 0.45632
7.42025 15.1674 0.459892
7.42025 15.1674 0.463463
7.42025 15.1674 0.467034
7.42025 15.1674 0.470606
7.42025 15.1674 0.474177
7.42025 15.1674 0.477749
7.42025 15.1674 0.48132
7.42025 15.1674 0.484892
7.42025 15.1674 0.488463
7.42025 15.1674 0.492034
7.42025 15.1674 0.495606
7.42025 15.1674 0.499177
7.42025 15.1674 0.502749
7.42025 15.1674 0.50632
7.42025 15.1674 0.509892
7.42025 15.1674 0.513463
7.42025 15.1674 0.517034
7.42025 15.1674 0.520606
7.42025 15.1674 0.524177
7.42025 15.1674 0.527749
7.42025 15.1674 0.53132
7.42025 15.1674 0.534892
7.42025 15.1674 0.538463
7.42025 15.1674 0.542034
7.42025 15.1674 0.545606
7.42025 15.1674 0.549177
7.42025 15.1674 0.552749
7.42025 15.1674 0.55632
7.42025 15.1674 0.559892
7.42025 15.1674 0.563463
7.42025 15.1674 0.567034
7.42025 15.1674 0.570606
7.42025 15.1674 0.574177
7.42025 15.1674 0.577749
7.42025 15.1674 0.58132
7.42025 15.1674 0.584892
7.42025 15.1674 0.588463
7.42025 15.1674 0.592034
7.42025 15.1674 0.595606
7.42025 15.1674 0.599177
7.42025 15.1674 0.602749
7.42025 15.1674 0.60632
7.42025 15.1674 0.609892
7.42025 15.1674 0.613463
7.42025 15.1674 0.617034
7.42025 15.1674 0.620606
7.42025 15.1674 0.624177
7.42025 15.1674 0.627749
7.42025 15.1674 0.63132
7.42025 15.1674 0.634892
7.42025 15.1674 0.638463
7.42025 15.1674 0.642034
7.42025 15.1674 0.645606
7.42025 15.1674 0.649177
7.42025 15.1674 0.652749
7.42025 15.1674 0.65632
7.42025 15.1674 0.659892
7.42025 15.1674 0.663463
7.42025 15.1674 0.667034
7.42025 15.1674 0.670606
7.42025 15.1674 0.674177
7.42025 15.1674 0.677749
7.42025 15.1674 0.68132
7.42025 15.1674 0.684892
7.42025 15.1674 0.688463
7.42025 15.1674 0.692034
7.42025 15.1674 0.695606
7.42025 15.1674 0.699177
7.42025 15.1674 0.702749
7.42025 15.1674 0.70632
7.42025 15.1674 0.709892
7.42025 15.1674 0.713463
7.42025 15.1674 0.717034
7.42025 15.1674 0.720606
7.42025 15.1674 0.724177
7.42025 15.1674 0.727749
7.42025 15.1674 0.73132
7.42025 15.1674 0.734892
7.42025 15.1674 0.738463
7.42025 15.1674 0.742034
7.42025 15.1674 0.745606
7.42025 15.1674 0.749177
7.42025 15.1674 0.752749
7.42025 15.1674 0.75632
7.42025 15.1674 0.759892
7.42025 15.1674 0.763463
7.42025 15.1674 0.767034
7.42025 15.1674 0.770606
7.42025 15.1674 0.774177
7.42025 15.1674 0.777749
7.42025 15.1674 0.78132
7.42025 15.1674 0.784892
7.42025 15.1674 0.788463
7.42025 15.1674 0.792034
7.42025 15.1674 0.795606
7.42025 15.1674 0.799177
7.42025 15.1674 0.802749
7.42025 15.1674 0.80632
7.42025 15.1674 0.809892
7.42025 15.1674 0.813463
7.42025 15.1674 0.817034
7.42025 15.1674 0.820606
7.42025 15.1674 0.824177
7.42025 15.1674 0.827749
7.42025 15.1674 0.83132
7.42025 15.1674 0.834892
7.42025 15.1674 0.838463
7.42025 15.1674 0.842034
7.42025 15.1674 0.845606
7.42025 15.1674 0.849177
7.42025 15.1674 0.852749
7.42025 15.1674 0.85632
7.42025 15.1674 0.859892
7.42025 15.1674 0.863463
7.42025 15.1674 0.867034
7.42025 15.1674 0.870606
7.42025 15.1674 0.874177
7.42025 15.1674 0.877749
7.42025 15.1674 0.88132
7.42025 15.1674 0.884892
7.42025 15.1674 0.888463
7.42025 15.1674 0.892034
7.42025 15.1674 0.895606
7.42025 15.1674 0.899177
7.42025 15.1674 0.902749
7.42025 15.1674 0.90632
7.42025 15.1674 0.909892
7.42025 15.1674 0.913463
7.42025 15.1674 0.917034
7.42025 15.1674 0.920606
7.42025 15.1674 0.924177
7.42025 15.1674 0.927749
7.42025 15.1674 0.93132
7.42025 15.1674 0.934892
7.42025 15.1674 0.938463
7.42025 15.1674 0.942034
7.42025 15.1674 0.945606
7.42025 15.1674 0.949177
7.42025 15.1674 0.952749
7.42025 15.1674 0.95632
7.42025 15.1674 0.959892
7.42025 15.1674 0.963463
7.42025 15.1674 0.967034
7.42025 15.1674 0.970606
7.42025 15.1674 0.974177
7.42025 15.1674 0.977749
7.42025 15.1674 0.98132
7.42025 15.1674 0.984892
7.42025 15.1674 0.988463
7.42025 15.1674 0.992034
7.42025 15.1674 0.995606
7.42025 15.1674 0.999177
7.42025 15.1674 1.00275
7.42025 15.1674 1.00632
7.42025 15.1674 1.00989
7.42025 15.1674 1.01346
7.42025 15.1674 1.01703
7.42025 15.1674 1.02061
7.42025 15.1674 1.02418
7.42025 15.1674 1.02775
7.42025 15.1674 1.03132
7.42025 15.1674 1.03489
7.42025 15.1674 1.03846
7.42025 15.1674 1.04203
7.42025 15.1674 1.04561
7.42025 15.1674 1.04918
7.42025 15.1674 1.05275
7.42025 15.1674 1.05632
7.42025 15.1674 1.05989
7.42025 15.1674 1.06346
7.42025 15.1674 1.06703
7.42025 15.1674 1.07061
7.42025 15.1674 1.07418
7.42025 15.1674 1.07775
7.42025 15.1674 1.08132
7.42025 15.1674 1.08489
7.42025 15.1674 1.08846
7.42025 15.1674 1.09203
7.42025 15.1674 1.09561
7.42025 15.1674 1.09918
7.42025 15.1674 1.10275
7.42025 15.1674 1.10632
7.42025 15.1674 1.10989
7.42025 15.1674 1.11346
7.42025 15.1674 1.11703
7.42025 15.1674 1.12061
7.42025 15.1674 1.12418
7.42025 15.1674 1.12775
7.42025 15.1674 1.13132
7.42025 15.1674 1.13489
7.42025 15.1674 1.13846
7.42025 15.1674 1.14203
7.42025 15.1674 1.14561
7.42025 15.1674 1.14918
7.42025 15.1674 1.15275
7.42025 15.1674 1.15632
7.42025 15.1674 1.15989
7.42025 15.1674 1.16346
7.42025 15.1674 1.16703
7.42025 15.1674 1.17061
7.42025 15.1674 1.17418
7.42025 15.1674 1.17775
7.42025 15.1674 1.18132
7.42025 15.1674 1.18489
7.42025 15.1674 1.18846
7.42025 15.1674 1.19203
7.42025 15.1674 1.19561
7.42025 15.1674 1.19918
7.42025 15.1674 1.20275
7.42025 15.1674 1.20632
7.42025 15.1674 1.20989
7.42025 15.1674 1.21346
7.42025 15.1674 1.21703
7.42025 15.1674 1.22061
7.42025 15.1674 1.22418
7.42025 15.1674 1.22775
7.42025 15.1674 1.23132
7.42025 15.1674 1.23489
7.42025 15.1674 1.23846
7.42025 15.1674 1.24203
7.42025 15.1674 1.24561
7.42025 15.1674 1.24918
7.42025 15.1674 1.25275
7.42025 15.1674 1.25632
7.42025 15.1674 1.25989
7.42025 15.1674 1.26346
7.42025 15.1674 1.26703
7.42025 15.1674 1.27061
7.42025 15.1674 1.27418
7.42025 15.1674 1.27775
7.42025 15.1674 1.28132
7.42025 15.1674 1.28489
7.42025 15.1674 1.28846
7.42025 15.1674 1.29203
7.42025 15.1674 1.29561
7.42025 15.1674 1.29918
7.42025 15.1674 1.30275
7.42025 15.1674 1.30632
7.42025 15.1674 1.30989
7.42025 15.1674 1.31346
7.42025 15.1674 1.31703
7.42025 15.1674 1.32061
7.42025 15.1674 1.32418
7.42025 15.1674 1.32775
7.42025 15.1674 1.33132
7.42025 15.1674 1.33489
7.42025 15.1674 1.33846
7.42025 15.1674 1.34203
7.42025 15.1674 1.34561
7.42025 15.1674 1.34918
7.42025 15.1674 1.35275
7.42025 15.1674 1.35632
7.42025 15.1674 1.35989
7.42025 15.1674 1.36346
7.42025 15.1674 1.36703
7.42025 15.1674 1.37061
7.42025 15.1674 1.37418
7.42025 15.1674 1.37775
7.42025 15.1674 1.38132
7.42025 15.1674 1.38489
7.42025 15.1674 1.38846
7.42025 15.1674 1.39203
7.42025 15.1674 1.39561
7.42025 15.1674 1.39918
7.42025 15.1674 1.40275
7.42025 15.1674 1.40632
7.42025 15.1674 1.40989
7.42025 15.1674 1.41346
7.42025 15.1674 1.41703
7.42025 15.1674 1.42061
7.42025 15.1674 1.42418
7.42025 15.1674 1.42775
7.42025 15.1674 1.43132
7.42025 15.1674 1.43489
7.42025 15.1674 1.43846
7.42025 15.1674 1.44203
7.42025 15.1674 1.44561
7.42025 15.1674 1.44918
7.42025 15.1674 1.45275
7.42025 15.1674 1.45632
7.42025 15.1674 1.45989
7.42025 15.1674 1.46346
7.42025 15.1674 1.46703
7.42025 15.1674 1.47061
7.42025 15.1674 1.47418
7.42025 15.1674 1.47775
7.42025 15.1674 1.48132
7.42025 15.1674 1.48489
7.42025 15.1674 1.48846
7.42025 15.1674 1.49203
7.42025 15.1674 1.49561
7.42025 15.1674 1.49918
7.42025 15.1674 1.50275
7.42025 15.1674 1.50632
7.42025 15.1674 1.50989
7.42025 15.1674 1.51346
7.42025 15.1674 1.51703
7.42025 15.1674 1.52061
7.42025 15.1674 1.52418
7.42025 15.1674 1.52775
7.42025 15.1674 1.53132
7.42025 15.1674 1.53489
7.42025 15.1674 1.53846
7.42025 15.1674 1.54203
7.42025 15.1674 1.54561
7.42025 15.1674 1.54918
7.42025 15.1674 1.55275
7.42025 15.1674 1.55632
7.42025 15.1674 1.55989
7.42025 15.1674 1.56346
7.42025 15.1674 1.56703
7.42025 15.1674 1.57061
7.42025 15.1674 1.57418
7.42025 15.1674 1.57775
7.42025 15.1674 1.58132
7.42025 15.1674 1.58489
7.42025 15.1674 1.58846
7.42025 15.1674 1.59203
7.42025 15.1674 1.59561
7.42025 15.1674 1.59918
7.42025 15.1674 1.60275
7.42025 15.1674 1.60632
7.42025 15.1674 1.60989
7.42025 15.1674 1.61346
7.42025 15.1674 1.61703
7.42025 15.1674 1.62061
7.42025 15.1674 1.62418
7.42025 15.1674 1.62775
7.42025 15.1674 1.63132
7.42025 15.1674 1.63489
7.42025 15.1674 1.63846
7.42025 15.1674 1.64203
7.42025 15.1674 1.64561
7.42025 15.1674 1.64918
7.42025 15.1674 1.65275
7.42025 15.1674 1.65632
7.42025 15.1674 1.65989
7.42025 15.1674 1.66346
7.42025 15.1674 1.66703
7.42025 15.1674 1.67061
7.42025 15.1674 1.67418
7.42025 15.1674 1.67775
7.42025 15.1674 1.68132
7.42025 15.1674 1.68489
7.42025 15.1674 1.68846
7.42025 15.1674 1.69203
7.42025 15.1674 1.69561
7.42025 15.1674 1.69918
7.42025 15.1674 1.70275
7.42025 15.1674 1.70632
7.42025 15.1674 1.70989
7.42025 15.1674 1.71346
7.42025 15.1674 1.71703
7.42025 15.1674 1.72061
7.42025 15.1674 1.72418
7.42025 15.1674 1.72775
7.42025 15.1674 1.73132
7.42025 15.1674 1.73489
7.42025 15.1674 1.73846
7.42025 15.1674 1.74203
7.42025 15.1674 1.74561
7.42025 15.1674 1.74918
7.42025 15.1674 1.75275
7.42025 15.1674 1.75632
7.42025 15.1674 1.75989
7.42025 15.1674 1.76346
7.42025 15.1674 1.76703
7.42025 15.1674 1.77061
7.42025 15.1674 1.77418
7.42025 15.1674 1.77775
7.42025 15.1674 1.78132
7.42025 15.1674 1.78489
7.42025 15.1674 1.78846
7.42025 15.1674 1.79203
7.42025 15.1674 1.79561
7.42025 15.1674 1.79918
7.42025 15.1674 1.80275
7.42025 15.1674 1.80632
7.42025 15.1674 1.80989
7.42025 15.1674 1.81346
7.42025 15.1674 1.81703
7.42025 15.1674 1.82061
7.42025 15.1674 1.82418
7.42025 15.1674 1.82775
7.42025 15.1674 1.83132
7.42025 15.1674 1.83489
7.42025 15.1674 1.83846
7.42025 15.1674 1.84203
7.42025 15.1674 1.84561
7.42025 15.1674 1.84918
7.42025 15.1674 1.85275
7.42025 15.1674 1.85632
7.42025 15.1674 1.85989
7.42025 15.1674 1.86346
7.42025 15.1674 1.86703
7.42025 15.1674 1.87061
7.42025 15.1674 1.87418
7.42025 15.1674 1.87775
7.42025 15.1674 1.88132
7.42025 15.1674 1.88489
7.42025 15.1674 1.88846
7.42025 15.1674 1.89203
7.42025 15.1674 1.89561
7.42025 15.1674 1.89918
7.42025 15.1674 1.90275
7.42025 15.1674 1.90632
7.42025 15.1674 1.90989
7.42025 15.1674 1.91346
7.42025 15.1674 1.91703
7.42025 15.1674 1.92061
7.42025 15.1674 1.92418
7.42025 15.1674 1.92775
7.42025 15.1674 1.93132
7.42025 15.1674 1.93489
7.42025 15.1674 1.93846
7.42025 15.1674 1.94203
7.42025 15.1674 1.94561
7.42025 15.1674 1.94918
7.42025 15.1674 1.95275
7.42025 15.1674 1.95632
7.42025 15.1674 1.95989
7.42025 15.1674 1.96346
7.42025 15.1674 1.96703
7.42025 15.1674 1.97061
7.42025 15.1674 1.97418
7.42025 15.1674 1.97775
7.42025 15.1674 1.98132
7.42025 15.1674 1.98489
7.42025 15.1674 1.98846
7.42025 15.1674 1.99203
7.42025 15.1674 1.99561
7.42025 15.1674 1.99918
7.42025 15.1674 2.00275
7.42025 15.1674 2.00632
7.42025 15.1674 2.00989
7.42025 15.1674 2.01346
7.42025 15.1674 2.01703
7.42025 15.1674 2.02061
7.42025 15.1674 2.02418
7.42025 15.1674 2.02775
7.42025 15.1674 2.03132
7.42025 15.1674 2.03489
7.42025 15.1674 2.03846
7.42025 15.1674 2.04203
7.42025 15.1674 2.04561
7.42025 15.1674 2.04918
7.42025 15.1674 2.05275
7.42025 15.1674 2.05632
7.42025 15.1674 2.05989
7.42025 15.1674 2.06346
7.42025 15.1674 2.06703
7.42025 15.1674 2.07061
7.42025 15.1674 2.07418
7.42025 15.1674 2.07775
7.42025 15.1674 2.08132
7.42025 15.1674 2.08489
7.42025 15.1674 2.08846
7.42025 15.1674 2.09203
7.42025 15.1674 2.09561
7.42025 15.1674 2.09918
7.42025 15.1674 2.10275
7.42025 15.1674 2.10632
7.42025 15.1674 2.10989
7.42025 15.1674 2.11346
7.42025 15.1674 2.11703
7.42025 15.1674 2.12061
7.42025 15.1674 2.12418
7.42025 15.1674 2.12775
7.42025 15.1674 2.13132
7.42025 15.1674 2.13489
7.42025 15.1674 2.13846
7.42025 15.1674 2.14203
7.42025 15.1674 2.14561
7.42025 15.1674 2.15275
7.42025 15.1674 2.15632
7.42025 15.1674 2.15989
7.42025 15.1674 2.16346
7.42025 15.1674 2.16703
7.42025 15.1674 2.17061
7.42025 15.1674 2.17418
7.42025 15.1674 2.17775
7.42025 15.1674 2.18132
7.42025 15.1674 2.18489
7.42025 15.1674 2.18846
7.42025 15.1674 2.19203
7.42025 15.1674 2.19561
7.42025 15.1674 2.19918
7.42025 15.1674 2.20275
7.42025 15.1674 2.20632
7.42025 15.1674 2.20989
7.42025 15.1674 2.21346
7.42025 15.1674 2.21703
7.42025 15.1674 2.22061
7.42025 15.1674 2.22418
7.42025 15.1674 2.22775
7.42025 15.1674 2.23132
7.42025 15.1674 2.23489
7.42025 15.1674 2.23846
7.42025 15.1674 2.24203
7.42025 15.1674 2.24561
7.42025 15.1674 2.24918
7.42025 15.1674 2.25275
7.42025 15.1674 2.25632
7.42025 15.1674 2.25989
7.42025 15.1674 2.26346
7.42025 15.1674 2.26703
7.42025 15.1674 2.27061
7.42025 15.1674 2.27418
7.42025 15.1674 2.27775
7.42025 15.1674 2.28132
7.42025 15.1674 2.28489
7.42025 15.1674 2.28846
7.42025 15.1674 2.29203
7.42025 15.1674 2.29561
7.42025 15.1674 2.29918
7.42025 15.1674 2.30275
7.42025 15.1674 2.30632
7.42025 15.1674 2.30989
7.42025 15.1674 2.31346
7.42025 15.1674 2.31703
7.42025 15.1674 2.32061
7.42025 15.1674 2.32418
7.42025 15.1674 2.32775
7.42025 15.1674 2.33132
7.42025 15.1674 2.33489
7.42025 15.1674 2.33846
7.42025 15.1674 2.34203
7.42025 15.1674 2.34561
7.42025 15.1674 2.34918
7.42025 15.1674 2.35275
7.42025 15.1674 2.35632
7.42025 15.1674 2.35989
7.42025 15.1674 2.36346
7.42025 15.1674 2.36703
7.42025 15.1674 2.37061
7.42025 15.1674 2.37418
7.42025 15.1674 2.37775
7.42025 15.1674 2.38132
7.42025 15.1674 2.38489
7.42025 15.1674 2.38846
7.42025 15.1674 2.39203
7.42025 15.1674 2.39561
7.42025 15.1674 2.39918
7.42025 15.1674 2.40275
7.42025 15.1674 2.40632
7.42025 15.1674 2.40989
7.42025 15.1674 2.41346
7.42025 15.1674 2.41703
7.42025 15.1674 2.42061
7.42025 15.1674 2.42418
7.42025 15.1674 2.42775
7.42025 15.1674 2.43132
7.42025 15.1674 2.43489
7.42025 15.1674 2.43846
7.42025 15.1674 2.44203
7.42025 15.1674 2.44561
7.42025 15.1674 2.44918
7.42025 15.1674 2.45275
7.42025 15.1674 2.45632
7.42025 15.1674 2.45989
7.42025 15.1674 2.46346
7.42025 15.1674 2.46703
7.42025 15.1674 2.47061
7.42025 15.1674 2.47418
7.42025 15.1674 2.47775
7.42025 15.1674 2.48132
7.42025 15.1674 2.48489
7.42025 15.1674 2.48846
7.42025 15.1674 2.49203
7.42025 15.1674 2.49561
7.42025 15.1674 2.49918
7.42025 15.1674 2.50275
7.42025 15.1674 2.50632
7.42025 15.1674 2.50989
7.42025 15.1674 2.51346
7.42025 15.1674 2.51703
7.42025 15.1674 2.52061
7.42025 15.1674 2.52418
7.42025 15.1674 2.52775
7.42025 15.1674 2.53132
7.42025 15.1674 2.53489
7.42025 15.1674 2.53846
7.42025 15.1674 2.54203
