0.999998 0 1.57437
0.999991 0 1.57794
0.999992 0 1.58508
0.999992 0 1.59222
0.999992 0 1.59926
0.999999 0 1.60376
1 0 1.60479
1 0 1.60479
1 0 1.60479
1 0 1.60479
1 0 1.60479
1 0 1.60479
1 0 1.60479
1 0 1.60479
1 0 1.60479
1 0 1.60479
1 0 1.60479
1 0 1.60479
1 0 1.60479
1 0 1.60479
0.999999 0 1.60479
0.999999 0 1.60479
1.5 0 1.60479
1.5 0 1.60479
1 0 1.60479
1 0 1.60479
0.999999 0 1.60479
0.999999 0 1.60479
0.999999 0 1.60479
0.999999 0 1.60479
1 0 1.60479
0.999999 0 1.60479
0.999999 0 1.60479
0.999999 0 1.60479
0.999997 0 1.60479
1 0 1.60479
1 0 1.60479
0.999999 0 1.60479
1 0 1.60479
0.999999 0 1.60479
0.999999 0 1.60479
1 0 1.60479
1 0 1.60479
1 0 1.60479
1 0 1.60479
1 0 1.60479
0.999997 0 1.60479
1 0 1.60479
1 0 1.60479
0.999997 0 1.60479
1 0 1.60479
1 0 1.60479
0.999997 0 1.60479
0.999997 0 1.60479
1 0 1.60479
1 0 1.60479
0.999997 0 1.60479
1 0 1.60479
1 0 1.60479
0.999997 0 1.60479
0.999997 0 1.60479
1 0 1.60479
1 0 1.60479
0.999997 0 1.60479
1 0 1.60479
1 0 1.60479
0.999997 0 1.60479
0.999997 0 1.60479
1 0 1.60479
1 0 1.60479
1 0 1.60479
1 0 1.60479
0.999995 0 1.60479
1 0 1.60479
1 0 1.60479
0.999995 0 1.60479
0.999995 0 1.60479
1 0 1.60479
1 0 1.60479
0.999995 0 1.60479
1 0 1.60479
1.00001 0 1.60479
1.00001 0 1.60479
1 0 1.60479
1 0 1.60479
1.00001 0 1.60479
1 0 1.60479
1 0 1.60479
1 0 1.60479
1 0 1.60479
1 0 1.60479
1 0 1.60479
1 0 1.60479
46.4996 0 -1.53767
0.5 0 1.60479
47.9996 0 1.60395
1.00001 0 1.60479
1 0 1.60479
1 0 1.60479
1 0 1.60479
1.00001 0 1.60479
1 0 1.60479
1 0 1.60479
1.00001 0 1.60479
1.00001 0 1.60479
1 0 1.60479
1 0 1.60479
1 0 1.60479
1 0 1.60479
1 0 1.60479
1 0 1.60479
1 0 1.60479
1 0 1.60479
1 0 1.60479
1 0 1.60479
1 0 1.60479
1 0 1.60479
1.00001 0 1.60479
1 0 1.60479
1 0 1.60479
1 0 1.60479
1.00001 0 1.60479
1 0 1.60479
1 0 1.60479
1 0 1.60479
1 0 1.60479
1 0 1.60479
1 0 1.60479
1 0 1.60479
1 0 1.60479
1 0 1.60479
1 0 1.60479
1 0 1.60479
1 0 1.60479
1 0 1.60479
1 0 1.60479
1 0 1.60479
1 0 1.60479
1.00001 0 1.60479
1 0 1.60479
1 0 1.60479
1.00001 0 1.60479
1.00001 0 1.60479
1 0 1.60479
1 0 1.60479
1 0 1.60479
1 0 1.60479
1 0 1.60479
1.00001 0 1.60479
1.00001 0 1.60479
1 0 1.60479
1.00001 0 1.60479
1 0 1.60479
1 0 1.60479
1.00001 0 1.60479
1 0 1.60479
1.00001 0 1.60479
1 0 1.60479
1 0 1.60479
1 0 1.60479
0.999995 0 1.60479
1.00001 0 1.60479
1.00001 0 1.60479
1 0 1.60479
1 0 1.60479
1.00001 0 1.60479
1.00001 0 1.60479
1 0 1.60479
0.99999 0 1.60479
1.00001 0 1.60479
1.00001 0 1.60479
1 0 1.60479
1.00001 0 1.60479
1 0 1.60479
1 0 1.60479
1.00001 0 1.60479
1 0 1.60479
1.00001 0 1.60479
1.00001 0 1.60479
1.00001 0 1.60479
1 0 1.60479
0.99999 0 1.60479
1.00001 0 1.60479
1.00001 0 1.60479
1 0 1.60479
1 0 1.60479
1.00001 0 1.60479
1 0 1.60479
1 0 1.60479
1 0 1.60479
1.00001 0 1.60479
1.00001 0 1.60479
1 0 1.60479
1.00001 0 1.60479
1 0 1.60479
1 0 1.60479
1.00001 0 1.60479
1 0 1.60479
1 0 1.60479
1.00001 0 1.60479
1.00001 0 1.60479
1 0 1.60479
0.99999 0 1.60479
1.00001 0 1.60479
1.00001 0 1.60479
1 0 1.60479
1.00001 0 1.60479
1.00001 0 1.60479
1 0 1.60479
1 0 1.60479
1 0 1.60479
1.00001 0 1.60479
1.00001 0 1.60479
1.00001 0 1.60479
1.00001 0 1.60479
0.99999 0 1.60479
1 0 1.60479
1.00001 0 1.60479
1 0 1.60479
1 0 1.60479
1.00001 0 1.60479
1.00001 0 1.60479
1 0 1.60479
0.99999 0 1.60479
1.00001 0 1.60479
1.00001 0 1.60479
1 0 1.60479
1.00001 0 1.60479
1.00001 0 1.60479
1 0 1.60479
1 0 1.60479
1 0 1.60479
1 0 1.60479
1.00001 0 1.60479
1.00001 0 1.60479
1.00001 0 1.60479
0.99999 0 1.60479
1 0 1.60479
1.00001 0 1.60479
1 0 1.60479
1.00001 0 1.60479
1.00001 0 1.60479
1.00001 0 1.60479
1 0 1.60479
0.99999 0 1.60479
1.00001 0 1.60479
1.00001 0 1.60479
1.00001 0 1.60479
1.00001 0 1.60479
0.99999 0 1.60479
1 0 1.60479
1.00001 0 1.60479
1 0 1.60479
1 0 1.60479
1.00001 0 1.60479
1.00001 0 1.60479
1.00001 0 1.60479
0.99999 0 1.60479
1 0 1.60479
1.00001 0 1.60479
1 0 1.60479
1.00001 0 1.60479
1.00001 0 1.60479
1.00001 0 1.60479
1 0 1.60479
0.99999 0 1.60479
1 0 1.60479
1.00001 0 1.60479
1.00001 0 1.60479
1.00001 0 1.60479
1 0 1.60479
1 0 1.60479
1 0 1.60479
1 0 1.60479
1.00001 0 1.60479
1.00001 0 1.60479
1.00001 0 1.60479
1.00001 0 1.60479
0.99999 0 1.60479
1 0 1.60479
1.00002 0 1.60479
1.00001 0 1.60479
1 0 1.60479
0.99999 0 1.60479
1 0 1.60479
1.00002 0 1.60479
1.00002 0 1.60479
1 0 1.60479
1 0 1.60479
1 0 1.60479
1 0 1.60479
1 0 1.60479
1.00001 0 1.60479
1.00002 0 1.60479
1.00001 0 1.60479
1 0 1.60479
0.99999 0 1.60479
1 0 1.60479
1.00001 0 1.60479
1.00002 0 1.60479
0.99999 0 1.60479
1 0 1.60479
1.00002 0 1.60479
0.999981 0 1.60479
1 0 1.60479
1.00002 0 1.60479
1.00002 0 1.60479
1 0 1.60479
1 0 1.60479
1.00001 0 1.60479
0.999981 0 1.60479
1.00001 0 1.60479
1.00002 0 1.60479
0.99999 0 1.60479
1 0 1.60479
1.00002 0 1.60479
1 0 1.60479
0.999981 0 1.60479
1.00002 0 1.60479
1.00002 0 1.60479
0.999981 0 1.60479
0.999962 0 1.60479
0.99999 0 1.60479
0.99999 0 1.60479
0.999971 0 1.60479
1.00001 0 1.60479
0.99999 0 1.60479
0.999971 0 1.60479
0.99999 0 1.60479
0.999971 0 1.60479
0.999971 0 1.60479
0.99999 0 1.60479
0.99999 0 1.60479
0.99999 0 1.60479
0.99999 0 1.60479
0.99999 0 1.60479
0.999971 0 1.60479
0.999971 0 1.60479
0.99999 0 1.60479
0.99999 0 1.60479
0.99999 0 1.60479
0.99999 0 1.60479
0.999971 0 1.60479
0.999971 0 1.60479
0.99999 0 1.60479
0.99999 0 1.60479
0.99999 0 1.60479
0.99999 0 1.60479
1.00001 0 1.60479
0.999971 0 1.60479
0.999952 0 1.60479
1.00001 0 1.60479
0.99999 0 1.60479
0.999977 0 1.60324
0.999995 0 1.59811
0.999998 0 1.59098
0.999955 0 1.58383
0.999945 0 1.5767
0.999986 0 1.56955
0.999982 0 1.5624
0.999972 0 1.55527
0.999975 0 1.54813
0.999991 0 1.54098
0.999962 0 1.53384
0.999965 0 1.5267
1 0 1.51955
0.999972 0 1.51241
0.999976 0 1.50527
0.999992 0 1.49812
0.999983 0 1.49098
0.999967 0 1.48384
0.999964 0 1.4767
0.999956 0 1.46955
0.999979 0 1.4624
1.49998 0 1.4517
1.49995 0 1.44455
0.999946 0 1.43383
0.999954 0 1.4267
0.999994 0 1.41956
0.999989 0 1.41241
0.999978 0 1.40526
0.999979 0 1.39812
0.99999 0 1.39098
0.999976 0 1.38384
0.999956 0 1.37669
0.999968 0 1.36955
0.999971 0 1.3624
0.999984 0 1.35527
0.999992 0 1.34813
0.999973 0 1.34098
0.999965 0 1.33384
0.999986 0 1.32671
0.999985 0 1.31955
0.999957 0 1.3124
0.999973 0 1.30527
1 0 1.29813
0.999985 0 1.29099
0.999961 0 1.28384
0.999966 0 1.2767
0.999981 0 1.26956
0.999989 0 1.26242
0.99997 0 1.25526
0.999962 0 1.24812
0.999981 0 1.24098
0.99997 0 1.23384
0.999969 0 1.2267
0.999998 0 1.21957
0.999983 0 1.21242
0.999978 0 1.20527
0.999982 0 1.19812
0.999971 0 1.19098
0.999952 0 1.18384
0.999964 0 1.1767
0.999984 0 1.16956
0.999994 0 1.16241
0.99999 0 1.15528
0.999962 0 1.14812
0.999977 0 1.14098
0.999961 0 1.13384
0.999955 0 1.1267
0.999994 0 1.11957
0.999988 0 1.11241
0.999968 0 1.10526
0.999973 0 1.09812
0.999984 0 1.09099
0.999965 0 1.08384
0.999973 0 1.0767
0.999988 0 1.06956
0.999972 0 1.06241
0.999981 0 1.05527
0.999978 0 1.04813
0.999979 0 1.04098
0.999982 0 1.03385
0.999977 0 1.02671
0.99998 0 1.01956
0.999984 0 1.01242
0.999977 0 1.00527
0.999974 0 0.998126
0.999973 0 0.990985
0.999958 0 0.983841
0.999966 0 0.976703
0.999982 0 0.969562
0.999983 0 0.962416
0.999984 0 0.955275
0.999973 0 0.948126
0.99998 0 0.940988
0.999968 0 0.933851
0.999965 0 0.926704
0.999987 0 0.919563
0.999988 0 0.912421
0.999975 0 0.905269
0.999965 0 0.898117
0.999985 0 0.890991
0.999969 0 0.88385
0.999976 0 0.876716
0.999975 0 0.869561
0.999972 0 0.86241
0.999984 0 0.855273
0.99998 0 0.848126
0.999987 0 0.840994
0.999959 0 0.833844
0.999966 0 0.826712
0.999983 0 0.819568
0.99998 0 0.812416
0.999988 0 0.805279
0.999978 0 0.798132
0.999982 0 0.790995
0.999965 0 0.783849
0.999957 0 0.776692
0.999991 0 0.76957
0.999986 0 0.762428
0.999971 0 0.755267
0.999978 0 0.748133
0.999982 0 0.740995
0.999965 0 0.733847
0.999965 0 0.726704
0.999983 0 0.719565
0.999977 0 0.712415
0.999979 0 0.705277
0.999991 0 0.69815
0.999976 0 0.690988
0.999959 0 0.683845
0.999973 0 0.676718
0.999983 0 0.669562
0.999975 0 0.662413
0.999976 0 0.655271
0.999974 0 0.648123
0.999988 0 0.641002
0.999978 0 0.633866
0.999958 0 0.626703
0.99997 0 0.619553
0.99999 0 0.612435
0.999992 0 0.605295
0.999967 0 0.598116
0.99998 0 0.590993
0.999979 0 0.583867
0.999967 0 0.576713
0.999973 0 0.569559
0.999978 0 0.562414
0.999971 0 0.555265
0.999979 0 0.548137
0.999986 0 0.540997
0.999958 0 0.533842
0.999968 0 0.526717
0.999984 0 0.519573
0.999986 0 0.512424
0.999985 0 0.505282
0.999982 0 0.498148
0.999981 0 0.490997
0.99996 0 0.483841
0.999961 0 0.4767
0.999985 0 0.469574
0.999989 0 0.462441
0.999977 0 0.455277
0.999979 0 0.448132
0.999978 0 0.440991
0.999955 0 0.433843
0.999975 0 0.426719
0.999991 0 0.419578
0.999974 0 0.412412
0.999981 0 0.405279
0.999981 0 0.398151
0.999982 0 0.391001
0.999967 0 0.383859
0.999965 0 0.376711
0.999976 0 0.369558
0.999976 0 0.362429
0.99998 0 0.355277
0.999979 0 0.348126
0.999978 0 0.340993
0.999971 0 0.33386
0.999975 0 0.32674
0.999985 0 0.319576
0.999976 0 0.312415
0.999979 0 0.305286
0.999991 0 0.298151
0.999979 0 0.290999
0.999953 0 0.283846
0.99996 0 0.276699
0.999985 0 0.269561
0.999984 0 0.262444
0.999981 0 0.255282
0.99998 0 0.248134
0.999978 0 0.240998
0.999967 0 0.233857
0.999965 0 0.226726
0.999978 0 0.219565
0.999981 0 0.212437
0.99998 0 0.205301
0.99998 0 0.198136
0.999979 0 0.190982
0.999965 0 0.183841
0.999967 0 0.176725
0.99998 0 0.169577
0.99998 0 0.162421
0.999983 0 0.155293
0.999983 0 0.148134
0.999981 0 0.141003
0.999964 0 0.133881
0.999964 0 0.126724
0.999996 0 0.119571
0.999985 0 0.112429
0.999947 0 0.105276
0.99998 0 0.0981398
0.999985 0 0.0910122
0.999979 0 0.0838517
0.999979 0 0.0767141
0.999982 0 0.0695803
0.999981 0 0.062412
0.999944 0 0.0552872
0.999981 0 0.048161
0.999986 0 0.041001
0.99998 0 0.0338435
0.999979 0 0.0267067
0.999981 0 0.0195901
0.999981 0 0.0124365
0.999946 0 0.00528367
0.999982 0 -0.00185017
0.999982 0 -0.00898389
0.999981 0 -0.0161372
0.999979 0 -0.0232913
0.999981 0 -0.0304466
0.999985 0 -0.0375842
0.999944 0 -0.0447065
0.999978 0 -0.051828
0.999978 0 -0.0589725
0.999984 0 -0.066158
0.999985 0 -0.0732898
0.999979 0 -0.0804259
0.999979 0 -0.0875848
0.999951 0 -0.0947125
0.999983 0 -0.101839
0.999977 0 -0.108994
0.999985 0 -0.116153
0.999978 0 -0.123282
0.999979 0 -0.130415
0.999987 0 -0.137574
0.99995 0 -0.144707
0.999979 0 -0.151839
0.999977 0 -0.159002
0.999977 0 -0.166134
0.999983 0 -0.173255
0.999985 0 -0.180423
0.999979 0 -0.187584
0.999948 0 -0.1947
0.999984 0 -0.201853
0.999979 0 -0.209004
0.99997 0 -0.216128
0.999979 0 -0.223279
0.999988 0 -0.230422
0.999988 0 -0.23756
0.999947 0 -0.24472
0.999975 0 -0.251855
0.999985 0 -0.258989
0.999981 0 -0.26614
0.999981 0 -0.273264
0.999992 0 -0.280419
0.999975 0 -0.287577
0.999944 0 -0.294715
0.999981 0 -0.301848
0.999977 0 -0.308969
0.999983 0 -0.316123
0.999978 0 -0.323298
0.999978 0 -0.330427
0.999978 0 -0.337554
0.999947 0 -0.34471
0.999989 0 -0.351838
0.999991 0 -0.358998
0.999985 0 -0.366161
0.999974 0 -0.373284
0.999987 0 -0.380418
0.999983 0 -0.387537
0.999933 0 -0.394697
0.999985 0 -0.401876
0.999989 0 -0.408994
0.999975 0 -0.416121
0.999968 0 -0.423268
0.999986 0 -0.430404
0.999996 0 -0.437569
0.999954 0 -0.444718
0.999973 0 -0.451842
0.999974 0 -0.458999
0.999983 0 -0.466134
0.999975 0 -0.473261
0.999984 0 -0.480427
0.999984 0 -0.48756
0.999942 0 -0.494699
0.999976 0 -0.501846
0.999984 0 -0.508992
0.999984 0 -0.516149
0.999982 0 -0.52327
0.999982 0 -0.53042
0.99998 0 -0.537556
0.999952 0 -0.544693
0.999978 0 -0.551852
0.999983 0 -0.558988
0.999979 0 -0.566116
0.999978 0 -0.573274
0.999975 0 -0.580422
0.999978 0 -0.587553
0.999958 0 -0.594711
0.999978 0 -0.601853
0.999989 0 -0.60899
0.999982 0 -0.616129
0.999983 0 -0.623274
0.999975 0 -0.630416
0.999964 0 -0.63755
0.999966 0 -0.644712
0.999989 0 -0.65185
0.999967 0 -0.658988
0.999982 0 -0.666138
0.999989 0 -0.67326
0.999964 0 -0.680401
0.999974 0 -0.687553
0.999968 0 -0.694713
0.999974 0 -0.701855
0.999977 0 -0.708992
0.999984 0 -0.71612
0.999987 0 -0.72327
0.999987 0 -0.730417
0.999978 0 -0.73754
0.999951 0 -0.744701
0.999975 0 -0.751862
0.999978 0 -0.758987
0.99999 0 -0.766124
0.999986 0 -0.773273
0.999965 0 -0.780408
0.999975 0 -0.787563
0.999949 0 -0.794698
0.999993 0 -0.80184
0.999995 0 -0.808996
0.999966 0 -0.816127
0.999968 0 -0.823253
0.999974 0 -0.8304
0.999991 0 -0.837563
0.99995 0 -0.844705
0.999967 0 -0.851839
0.999981 0 -0.858977
0.999986 0 -0.866126
0.999988 0 -0.873279
0.999979 0 -0.880417
0.999979 0 -0.887546
0.999959 0 -0.894703
0.99999 0 -0.90186
0.999979 0 -0.908979
0.999975 0 -0.916125
0.999979 0 -0.923263
0.999982 0 -0.930408
0.999972 0 -0.937542
0.999955 0 -0.944692
0.999983 0 -0.951849
0.999983 0 -0.958986
0.999982 0 -0.966132
0.999967 0 -0.973269
0.999999 0 -0.980413
0.999976 0 -0.987544
0.999945 0 -0.994695
0.999987 0 -1.00185
0.999958 0 -1.00898
0.999991 0 -1.01613
1.00001 0 -1.02328
0.999976 0 -1.0304
0.999966 0 -1.03755
0.999954 0 -1.0447
0.999982 0 -1.05184
0.999967 0 -1.05899
0.999985 0 -1.06612
0.999991 0 -1.07326
0.999979 0 -1.0804
0.999971 0 -1.08755
0.999946 0 -1.09471
0.99999 0 -1.10183
0.99999 0 -1.10897
0.999973 0 -1.11612
0.99999 0 -1.12326
0.999973 0 -1.1304
0.99996 0 -1.13756
0.99996 0 -1.1447
0.999993 0 -1.15184
0.999988 0 -1.15898
0.999978 0 -1.16612
0.999972 0 -1.17326
0.999975 0 -1.18041
0.999991 0 -1.18755
0.999954 0 -1.1947
0.999972 0 -1.20183
0.999974 0 -1.20898
0.999987 0 -1.21612
0.999974 0 -1.22326
0.999984 0 -1.23041
0.999991 0 -1.23755
0.999932 0 -1.24468
0.999989 0 -1.25184
0.999987 0 -1.25899
0.999959 0 -1.26611
0.999974 0 -1.27327
0.999985 0 -1.28041
0.999988 0 -1.28755
0.999959 0 -1.29469
0.999985 0 -1.30183
0.999978 0 -1.30898
0.999985 0 -1.31613
0.999966 0 -1.32326
0.999976 0 -1.33041
0.999999 0 -1.33754
0.999935 0 -1.34469
0.99998 0 -1.35184
0.999999 0 -1.35898
0.999972 0 -1.36612
0.999976 0 -1.37326
0.999993 0 -1.3804
0.999964 0 -1.38754
0.999944 0 -1.39469
0.999995 0 -1.40184
0.999982 0 -1.40898
0.999984 0 -1.41611
0.999977 0 -1.42326
0.999981 0 -1.43041
0.99998 0 -1.43754
0.999953 0 -1.44469
0.999976 0 -1.45184
0.999973 0 -1.45898
0.999985 0 -1.46611
0.999969 0 -1.47326
0.999985 0 -1.48041
0.999977 0 -1.48754
0.999961 0 -1.49469
0.999996 0 -1.50184
0.999968 0 -1.50898
0.999973 0 -1.51611
0.99997 0 -1.52326
0.99998 0 -1.53041
0.999984 0 -1.53754
0.999963 0 -1.54469
0.999993 0 -1.55184
0.999959 0 -1.55897
224.109 0 4.07151
0.999904 0 -1.56254
