0 0 1.5708
0 0 1.5708
0 0 1.5708
0 0 4.71239
0.120407 0 1.60482
0.620419 0 1.60479
1 0 1.60479
1 0 1.60479
1 0 1.60479
1 0 1.60479
1 0 1.60479
1 0 1.60479
1 0 1.60479
1 0 1.60479
1 0 1.60479
1 0 1.60479
1 0 1.60479
1 0 1.60479
1 0 1.60479
1 0 1.60479
0.999999 0 1.60479
0.999999 0 1.60479
1.5 0 1.60479
1.5 0 1.60479
1 0 1.60479
1 0 1.60479
0.999999 0 1.60479
0.999999 0 1.60479
0.999999 0 1.60479
0.999999 0 1.60479
1 0 1.60479
0.999999 0 1.60479
0.999999 0 1.60479
0.999999 0 1.60479
0.999997 0 1.60479
1 0 1.60479
1 0 1.60479
0.999999 0 1.60479
1 0 1.60479
0.999999 0 1.60479
0.999999 0 1.60479
1 0 1.60479
1 0 1.60479
1 0 1.60479
1 0 1.60479
1 0 1.60479
0.999997 0 1.60479
1 0 1.60479
1 0 1.60479
0.999997 0 1.60479
1 0 1.60479
1 0 1.60479
0.999997 0 1.60479
0.999997 0 1.60479
1 0 1.60479
1 0 1.60479
0.999997 0 1.60479
1 0 1.60479
1 0 1.60479
0.999997 0 1.60479
0.999997 0 1.60479
1 0 1.60479
1 0 1.60479
0.999997 0 1.60479
1 0 1.60479
1 0 1.60479
0.999997 0 1.60479
0.999997 0 1.60479
1 0 1.60479
1 0 1.60479
1 0 1.60479
1 0 1.60479
0.999995 0 1.60479
1 0 1.60479
1 0 1.60479
0.999995 0 1.60479
0.999995 0 1.60479
1 0 1.60479
1 0 1.60479
0.999995 0 1.60479
1 0 1.60479
1.00001 0 1.60479
1.00001 0 1.60479
1 0 1.60479
1 0 1.60479
1.00001 0 1.60479
1 0 1.60479
1 0 1.60479
1 0 1.60479
1 0 1.60479
1 0 1.60479
1 0 1.60479
1 0 1.60479
149.837 0 -0.765065
0.5 0 1.60479
150.916 0 2.3696
1.00001 0 1.60479
1 0 1.60479
1 0 1.60479
1 0 1.60479
1.00001 0 1.60479
1 0 1.60479
1 0 1.60479
1.00001 0 1.60479
1.00001 0 1.60479
1 0 1.60479
1 0 1.60479
1 0 1.60479
1 0 1.60479
1 0 1.60479
1 0 1.60479
1 0 1.60479
1 0 1.60479
1 0 1.60479
1 0 1.60479
1 0 1.60479
1 0 1.60479
1.00001 0 1.60479
1 0 1.60479
1 0 1.60479
1 0 1.60479
1.00001 0 1.60479
1 0 1.60479
1 0 1.60479
1 0 1.60479
1 0 1.60479
1 0 1.60479
1 0 1.60479
1 0 1.60479
1 0 1.60479
1 0 1.60479
1 0 1.60479
1 0 1.60479
1 0 1.60479
1 0 1.60479
1 0 1.60479
1 0 1.60479
1 0 1.60479
1.00001 0 1.60479
1 0 1.60479
1 0 1.60479
1.00001 0 1.60479
1.00001 0 1.60479
1 0 1.60479
1 0 1.60479
1 0 1.60479
1 0 1.60479
1 0 1.60479
1.00001 0 1.60479
1.00001 0 1.60479
1 0 1.60479
1.00001 0 1.60479
1 0 1.60479
1 0 1.60479
1.00001 0 1.60479
1 0 1.60479
1.00001 0 1.60479
1 0 1.60479
1 0 1.60479
1 0 1.60479
0.999995 0 1.60479
1.00001 0 1.60479
1.00001 0 1.60479
1 0 1.60479
1 0 1.60479
1.00001 0 1.60479
1.00001 0 1.60479
1 0 1.60479
0.99999 0 1.60479
1.00001 0 1.60479
1.00001 0 1.60479
1 0 1.60479
1.00001 0 1.60479
1 0 1.60479
1 0 1.60479
1.00001 0 1.60479
1 0 1.60479
1.00001 0 1.60479
1.00001 0 1.60479
1.00001 0 1.60479
1 0 1.60479
0.99999 0 1.60479
1.00001 0 1.60479
1.00001 0 1.60479
1 0 1.60479
1 0 1.60479
1.00001 0 1.60479
1 0 1.60479
1 0 1.60479
1 0 1.60479
1.00001 0 1.60479
1.00001 0 1.60479
1 0 1.60479
1.00001 0 1.60479
1 0 1.60479
1 0 1.60479
1.00001 0 1.60479
1 0 1.60479
1 0 1.60479
1.00001 0 1.60479
1.00001 0 1.60479
1 0 1.60479
0.99999 0 1.60479
1.00001 0 1.60479
1.00001 0 1.60479
1 0 1.60479
1.00001 0 1.60479
1.00001 0 1.60479
1 0 1.60479
1 0 1.60479
1 0 1.60479
1.00001 0 1.60479
1.00001 0 1.60479
1.00001 0 1.60479
1.00001 0 1.60479
0.99999 0 1.60479
1 0 1.60479
1.00001 0 1.60479
1 0 1.60479
1 0 1.60479
1.00001 0 1.60479
1.00001 0 1.60479
1 0 1.60479
0.99999 0 1.60479
1.00001 0 1.60479
1.00001 0 1.60479
1 0 1.60479
1.00001 0 1.60479
1.00001 0 1.60479
1 0 1.60479
1 0 1.60479
1 0 1.60479
1 0 1.60479
1.00001 0 1.60479
1.00001 0 1.60479
1.00001 0 1.60479
0.99999 0 1.60479
1 0 1.60479
1.00001 0 1.60479
1 0 1.60479
1.00001 0 1.60479
1.00001 0 1.60479
1.00001 0 1.60479
1 0 1.60479
0.99999 0 1.60479
1.00001 0 1.60479
1.00001 0 1.60479
1.00001 0 1.60479
1.00001 0 1.60479
0.99999 0 1.60479
1 0 1.60479
1.00001 0 1.60479
1 0 1.60479
1 0 1.60479
1.00001 0 1.60479
1.00001 0 1.60479
1.00001 0 1.60479
0.99999 0 1.60479
1 0 1.60479
1.00001 0 1.60479
1 0 1.60479
1.00001 0 1.60479
1.00001 0 1.60479
1.00001 0 1.60479
1 0 1.60479
0.99999 0 1.60479
1 0 1.60479
1.00001 0 1.60479
1.00001 0 1.60479
1.00001 0 1.60479
1 0 1.60479
1 0 1.60479
1 0 1.60479
1 0 1.60479
1.00001 0 1.60479
1.00001 0 1.60479
1.00001 0 1.60479
1.00001 0 1.60479
0.99999 0 1.60479
1 0 1.60479
1.00002 0 1.60479
1.00001 0 1.60479
1 0 1.60479
0.99999 0 1.60479
1 0 1.60479
1.00002 0 1.60479
1.00002 0 1.60479
1 0 1.60479
1 0 1.60479
1 0 1.60479
1 0 1.60479
1 0 1.60479
1.00001 0 1.60479
1.00002 0 1.60479
1.00001 0 1.60479
1 0 1.60479
0.99999 0 1.60479
1 0 1.60479
1.00001 0 1.60479
1.00002 0 1.60479
0.99999 0 1.60479
1 0 1.60479
1.00002 0 1.60479
0.999981 0 1.60479
1 0 1.60479
1.00002 0 1.60479
1.00002 0 1.60479
1 0 1.60479
1 0 1.60479
1.00001 0 1.60479
0.999981 0 1.60479
1.00001 0 1.60479
1.00002 0 1.60479
0.99999 0 1.60479
1 0 1.60479
1.00002 0 1.60479
1 0 1.60479
0.999981 0 1.60479
1.00002 0 1.60479
1.00002 0 1.60479
0.999981 0 1.60479
0.999962 0 1.60479
0.99999 0 1.60479
0.99999 0 1.60479
0.999981 0 1.60479
1.00002 0 1.60479
0.99999 0 1.60479
0.999952 0 1.60479
0.99999 0 1.60479
0.99999 0 1.60479
0.999952 0 1.60479
0.99999 0 1.60479
0.99999 0 1.60479
0.99999 0 1.60479
0.99999 0 1.60479
0.99999 0 1.60479
0.99999 0 1.60479
0.999952 0 1.60479
0.99999 0 1.60479
0.99999 0 1.60479
0.99999 0 1.60479
0.99999 0 1.60479
0.999952 0 1.60479
0.99999 0 1.60479
0.99999 0 1.60479
0.99999 0 1.60479
0.99999 0 1.60479
0.99999 0 1.60479
1.00003 0 1.60479
0.999952 0 1.60479
0.999952 0 1.60479
1.00003 0 1.60479
0.99999 0 1.60479
1.46679 0 1.60267
1.96682 0 1.598
2.00001 0 1.59098
1.99991 0 1.58383
1.99989 0 1.5767
1.99995 0 1.56955
1.99996 0 1.5624
1.99996 0 1.55526
1.99995 0 1.54813
1.99996 0 1.54098
1.99992 0 1.53384
1.99993 0 1.52669
1.99998 0 1.51955
1.99996 0 1.51241
1.99995 0 1.50527
1.99997 0 1.49812
1.99997 0 1.49098
1.99993 0 1.48384
1.99993 0 1.4767
1.99993 0 1.46955
1.99996 0 1.4624
2.99994 0 1.4517
2.99991 0 1.44455
1.99991 0 1.43383
1.99993 0 1.4267
1.99997 0 1.41956
1.99996 0 1.41241
1.99997 0 1.40527
1.99998 0 1.39812
1.99996 0 1.39098
1.99993 0 1.38384
1.99993 0 1.37669
1.99995 0 1.36955
1.99994 0 1.36241
1.99997 0 1.35527
1.99998 0 1.34813
1.99995 0 1.34098
1.99993 0 1.33384
1.99995 0 1.3267
1.99995 0 1.31955
1.99993 0 1.3124
1.99996 0 1.30527
1.99998 0 1.29813
1.99995 0 1.29098
1.99992 0 1.28384
1.99993 0 1.2767
1.99996 0 1.26956
1.99998 0 1.26241
1.99996 0 1.25527
1.99994 0 1.24812
1.99996 0 1.24098
1.99994 0 1.23384
1.99994 0 1.2267
1.99998 0 1.21956
1.99995 0 1.21241
1.99996 0 1.20527
1.99996 0 1.19812
1.99994 0 1.19098
1.99992 0 1.18384
1.99995 0 1.1767
1.99997 0 1.16956
1.99997 0 1.16241
1.99996 0 1.15527
1.99994 0 1.14813
1.99997 0 1.14099
1.99992 0 1.13384
1.99991 0 1.1267
1.99997 0 1.11956
1.99998 0 1.11241
1.99995 0 1.10527
1.99995 0 1.09813
1.99997 0 1.09099
1.99993 0 1.08385
1.99993 0 1.0767
1.99998 0 1.06956
1.99996 0 1.06242
1.99996 0 1.05527
1.99996 0 1.04813
1.99996 0 1.04099
1.99995 0 1.03385
1.99994 0 1.0267
1.99996 0 1.01956
1.99997 0 1.01242
1.99996 0 1.00527
1.99997 0 0.99813
1.99996 0 0.990992
1.99992 0 0.983841
1.99993 0 0.976704
1.99997 0 0.96956
1.99997 0 0.962415
1.99996 0 0.955278
1.99995 0 0.948126
1.99997 0 0.940985
1.99994 0 0.933849
1.99993 0 0.926704
1.99997 0 0.919565
1.99996 0 0.912417
1.99995 0 0.905269
1.99994 0 0.898125
1.99997 0 0.890992
1.99994 0 0.88385
1.99994 0 0.876708
1.99995 0 0.869559
1.99996 0 0.862416
1.99996 0 0.855275
1.99995 0 0.848128
1.99998 0 0.840993
1.99992 0 0.833843
1.99993 0 0.826712
1.99997 0 0.819566
1.99996 0 0.812416
1.99997 0 0.805281
1.99995 0 0.798133
1.99995 0 0.790987
1.99993 0 0.783848
1.99992 0 0.7767
1.99997 0 0.769563
1.99997 0 0.762428
1.99995 0 0.755274
1.99996 0 0.748131
1.99997 0 0.740995
1.99993 0 0.733849
1.99993 0 0.726706
1.99996 0 0.719566
1.99996 0 0.712414
1.99996 0 0.705277
1.99997 0 0.698143
1.99996 0 0.690986
1.99992 0 0.683843
1.99993 0 0.676711
1.99996 0 0.669563
1.99996 0 0.662419
1.99996 0 0.65528
1.99995 0 0.648133
1.99996 0 0.640995
1.99994 0 0.633858
1.99993 0 0.626709
1.99994 0 0.619552
1.99997 0 0.612427
1.99997 0 0.605288
1.99995 0 0.598124
1.99997 0 0.591002
1.99994 0 0.58386
1.99993 0 0.576704
1.99996 0 0.569566
1.99996 0 0.562423
1.99994 0 0.555264
1.99996 0 0.548137
1.99997 0 0.540998
1.99992 0 0.533841
1.99994 0 0.526717
1.99997 0 0.519574
1.99997 0 0.512425
1.99997 0 0.505283
1.99996 0 0.498139
1.99996 0 0.490997
1.99993 0 0.48385
1.99992 0 0.4767
1.99996 0 0.469566
1.99997 0 0.462433
1.99996 0 0.455285
1.99997 0 0.44814
1.99996 0 0.440991
1.99991 0 0.433842
1.99994 0 0.426711
1.99998 0 0.419579
1.99996 0 0.412421
1.99996 0 0.405279
1.99997 0 0.39815
1.99996 0 0.391001
1.99993 0 0.383859
1.99993 0 0.376711
1.99995 0 0.369558
1.99995 0 0.362419
1.99996 0 0.355278
1.99996 0 0.348135
1.99996 0 0.340993
1.99994 0 0.33386
1.99994 0 0.326731
1.99996 0 0.319568
1.99996 0 0.312424
1.99996 0 0.305286
1.99997 0 0.298143
1.99996 0 0.290998
1.99992 0 0.283854
1.99992 0 0.276708
1.99996 0 0.269562
1.99996 0 0.262435
1.99996 0 0.255282
1.99996 0 0.248143
1.99996 0 0.240997
1.99993 0 0.233857
1.99993 0 0.226726
1.99996 0 0.219565
1.99996 0 0.212427
1.99996 0 0.205291
1.99996 0 0.198146
1.99996 0 0.190992
1.99992 0 0.183841
1.99993 0 0.176725
1.99996 0 0.169577
1.99996 0 0.162421
1.99997 0 0.155293
1.99996 0 0.148135
1.99996 0 0.141003
1.99993 0 0.133871
1.99993 0 0.126715
1.99999 0 0.119571
1.99996 0 0.112429
1.9999 0 0.105285
1.99996 0 0.0981494
1.99997 0 0.0910027
1.99996 0 0.0838514
1.99996 0 0.0767237
1.99996 0 0.0695803
1.99996 0 0.062412
1.99989 0 0.0552777
1.99996 0 0.048161
1.99997 0 0.0410106
1.99996 0 0.0338435
1.99996 0 0.0267065
1.99996 0 0.0195901
1.99996 0 0.0124365
1.99989 0 0.00528367
1.99996 0 -0.00185017
1.99996 0 -0.00899343
1.99996 0 -0.0161467
1.99996 0 -0.0232817
1.99997 0 -0.0304369
1.99997 0 -0.0375842
1.99989 0 -0.0447065
1.99996 0 -0.0518375
1.99996 0 -0.0589819
1.99997 0 -0.0661486
1.99996 0 -0.0732805
1.99996 0 -0.0804259
1.99996 0 -0.0875845
1.9999 0 -0.0947128
1.99996 0 -0.10184
1.99996 0 -0.108994
1.99997 0 -0.116154
1.99996 0 -0.123282
1.99996 0 -0.130415
1.99997 0 -0.137574
1.9999 0 -0.144707
1.99996 0 -0.151839
1.99996 0 -0.159001
1.99995 0 -0.166134
1.99996 0 -0.173265
1.99996 0 -0.180424
1.99996 0 -0.187573
1.9999 0 -0.19471
1.99996 0 -0.201854
1.99996 0 -0.208994
1.99995 0 -0.216127
1.99996 0 -0.223279
1.99998 0 -0.230422
1.99997 0 -0.237561
1.99989 0 -0.24472
1.99996 0 -0.251854
1.99996 0 -0.25899
1.99996 0 -0.26614
1.99997 0 -0.273273
1.99997 0 -0.280422
1.99995 0 -0.287567
1.9999 0 -0.294714
1.99996 0 -0.301848
1.99996 0 -0.308978
1.99996 0 -0.316134
1.99996 0 -0.323287
1.99996 0 -0.330426
1.99996 0 -0.337554
1.99989 0 -0.344701
1.99997 0 -0.351849
1.99997 0 -0.359
1.99996 0 -0.366152
1.99996 0 -0.373283
1.99997 0 -0.380418
1.99996 0 -0.387548
1.99988 0 -0.394695
1.99997 0 -0.401866
1.99997 0 -0.408996
1.99995 0 -0.416121
1.99995 0 -0.423274
1.99996 0 -0.430417
1.99997 0 -0.437562
1.9999 0 -0.444709
1.99995 0 -0.45184
1.99996 0 -0.458995
1.99997 0 -0.466134
1.99996 0 -0.47327
1.99997 0 -0.480427
1.99996 0 -0.487562
1.99988 0 -0.494699
1.99996 0 -0.501844
1.99997 0 -0.508992
1.99996 0 -0.51614
1.99996 0 -0.52327
1.99996 0 -0.53042
1.99996 0 -0.537556
1.9999 0 -0.544696
1.99996 0 -0.551852
1.99997 0 -0.558988
1.99996 0 -0.566126
1.99996 0 -0.573274
1.99996 0 -0.580419
1.99997 0 -0.587561
1.9999 0 -0.594703
1.99995 0 -0.601842
1.99997 0 -0.608993
1.99997 0 -0.616136
1.99997 0 -0.623274
1.99995 0 -0.630416
1.99995 0 -0.637555
1.99991 0 -0.644708
1.99996 0 -0.651845
1.99994 0 -0.658985
1.99997 0 -0.666135
1.99997 0 -0.673263
1.99994 0 -0.680408
1.99996 0 -0.687561
1.99992 0 -0.694705
1.99996 0 -0.701852
1.99995 0 -0.708992
1.99997 0 -0.71612
1.99997 0 -0.72327
1.99995 0 -0.730413
1.99994 0 -0.737547
1.9999 0 -0.744701
1.99996 0 -0.751856
1.99996 0 -0.758984
1.99998 0 -0.766124
1.99997 0 -0.773273
1.99994 0 -0.780415
1.99995 0 -0.787563
1.9999 0 -0.794698
1.99997 0 -0.801846
1.99998 0 -0.808989
1.99995 0 -0.816121
1.99995 0 -0.82326
1.99996 0 -0.830407
1.99996 0 -0.837564
1.9999 0 -0.844705
1.99996 0 -0.851838
1.99996 0 -0.858977
1.99997 0 -0.866126
1.99996 0 -0.873273
1.99996 0 -0.880417
1.99997 0 -0.887552
1.9999 0 -0.894697
1.99996 0 -0.901854
1.99996 0 -0.908979
1.99995 0 -0.916125
1.99995 0 -0.923271
1.99996 0 -0.930408
1.99998 0 -0.937553
1.99991 0 -0.944692
1.99996 0 -0.951836
1.99997 0 -0.958986
1.99996 0 -0.966132
1.99993 0 -0.973269
1.99997 0 -0.980416
1.99997 0 -0.987549
1.9999 0 -0.994687
1.99996 0 -1.00184
1.99993 0 -1.00898
1.99998 0 -1.01613
2 0 -1.02327
1.99994 0 -1.03041
1.99993 0 -1.03755
1.99992 0 -1.04469
1.99996 0 -1.05184
1.99993 0 -1.05899
1.99997 0 -1.06612
1.99998 0 -1.07326
1.99995 0 -1.08041
1.99994 0 -1.08755
1.9999 0 -1.0947
1.99998 0 -1.10183
1.99998 0 -1.10897
1.99995 0 -1.11612
1.99997 0 -1.12327
1.99996 0 -1.13041
1.99993 0 -1.13755
1.9999 0 -1.1447
1.99999 0 -1.15184
1.99998 0 -1.15898
1.99996 0 -1.16612
1.99994 0 -1.17326
1.99995 0 -1.18041
1.99998 0 -1.18755
1.99991 0 -1.1947
1.99994 0 -1.20183
1.99995 0 -1.20898
1.99997 0 -1.21612
1.99997 0 -1.22326
1.99997 0 -1.23041
1.99996 0 -1.23755
1.99988 0 -1.24469
1.99998 0 -1.25184
1.99996 0 -1.25897
1.99994 0 -1.26612
1.99997 0 -1.27327
1.99997 0 -1.28041
1.99996 0 -1.28754
1.9999 0 -1.2947
1.99996 0 -1.30184
1.99996 0 -1.30897
1.99997 0 -1.31612
1.99995 0 -1.32326
1.99995 0 -1.33041
1.99998 0 -1.33754
1.99989 0 -1.34469
1.99996 0 -1.35184
1.99998 0 -1.35898
1.99994 0 -1.36612
1.99995 0 -1.37326
1.99998 0 -1.38041
1.99995 0 -1.38754
1.99989 0 -1.39469
1.99997 0 -1.40184
1.99997 0 -1.40897
1.99997 0 -1.41612
1.99995 0 -1.42326
1.99996 0 -1.4304
1.99996 0 -1.43755
1.9999 0 -1.4447
1.99995 0 -1.45183
1.99995 0 -1.45897
1.99997 0 -1.46611
1.99996 0 -1.47326
1.99997 0 -1.48042
1.99995 0 -1.48754
1.9999 0 -1.49468
1.99997 0 -1.50184
1.99996 0 -1.50898
1.99996 0 -1.51611
1.99996 0 -1.52326
1.99996 0 -1.53041
1.99995 0 -1.53754
1.99991 0 -1.54469
1.99999 0 -1.55184
1.99994 0 -1.55897
328.084 0 3.72403
1.99985 0 -1.56254
