1.99999 0 1.57436
1.99996 0 1.57794
1.99997 0 1.58508
2.00001 0 1.59222
1.87958 0 1.59891
1.37958 0 1.6033
1 0 1.60479
1 0 1.60479
1 0 1.60479
1 0 1.60479
1 0 1.60479
1 0 1.60479
1 0 1.60479
1 0 1.60479
1 0 1.60479
1 0 1.60479
1 0 1.60479
1 0 1.60479
1 0 1.60479
1 0 1.60479
0.999999 0 1.60479
0.999999 0 1.60479
1.5 0 1.60479
1.5 0 1.60479
1 0 1.60479
1 0 1.60479
0.999999 0 1.60479
0.999999 0 1.60479
0.999999 0 1.60479
0.999999 0 1.60479
1 0 1.60479
0.999999 0 1.60479
0.999999 0 1.60479
0.999999 0 1.60479
0.999996 0 1.60479
1 0 1.60479
1 0 1.60479
0.999997 0 1.60479
1 0 1.60479
1 0 1.60479
1 0 1.60479
1 0 1.60479
1 0 1.60479
1 0 1.60479
1 0 1.60479
1 0 1.60479
0.999997 0 1.60479
1 0 1.60479
1 0 1.60479
0.999997 0 1.60479
1 0 1.60479
1 0 1.60479
0.999997 0 1.60479
0.999997 0 1.60479
1 0 1.60479
1 0 1.60479
0.999997 0 1.60479
1 0 1.60479
1 0 1.60479
0.999997 0 1.60479
0.999997 0 1.60479
1 0 1.60479
1 0 1.60479
0.999997 0 1.60479
1 0 1.60479
1 0 1.60479
0.999997 0 1.60479
0.999997 0 1.60479
1 0 1.60479
1 0 1.60479
1 0 1.60479
1 0 1.60479
0.999995 0 1.60479
1 0 1.60479
1 0 1.60479
0.999995 0 1.60479
0.999995 0 1.60479
1 0 1.60479
1 0 1.60479
0.999995 0 1.60479
1 0 1.60479
1.00001 0 1.60479
1.00001 0 1.60479
1 0 1.60479
1 0 1.60479
1.00001 0 1.60479
1 0 1.60479
1 0 1.60479
1 0 1.60479
1 0 1.60479
1 0 1.60479
1 0 1.60479
1 0 1.60479
105.56 0 3.03885
0.5 0 1.60479
105.366 0 -0.0886393
1.00001 0 1.60479
1 0 1.60479
1 0 1.60479
1 0 1.60479
1.00001 0 1.60479
1 0 1.60479
1 0 1.60479
1.00001 0 1.60479
1.00001 0 1.60479
1 0 1.60479
1 0 1.60479
1 0 1.60479
1 0 1.60479
1 0 1.60479
1 0 1.60479
1 0 1.60479
1 0 1.60479
1 0 1.60479
1 0 1.60479
1 0 1.60479
1 0 1.60479
1.00001 0 1.60479
1 0 1.60479
1 0 1.60479
1 0 1.60479
1.00001 0 1.60479
1 0 1.60479
1 0 1.60479
1 0 1.60479
1 0 1.60479
1 0 1.60479
1 0 1.60479
1 0 1.60479
1 0 1.60479
1 0 1.60479
1 0 1.60479
1 0 1.60479
1 0 1.60479
1 0 1.60479
1 0 1.60479
1 0 1.60479
1 0 1.60479
1.00001 0 1.60479
1 0 1.60479
1 0 1.60479
1.00001 0 1.60479
1.00001 0 1.60479
1 0 1.60479
1 0 1.60479
1 0 1.60479
1 0 1.60479
1 0 1.60479
1.00001 0 1.60479
1.00001 0 1.60479
1 0 1.60479
1.00001 0 1.60479
1 0 1.60479
1 0 1.60479
1.00001 0 1.60479
0.999995 0 1.60479
1.00001 0 1.60479
1.00001 0 1.60479
1.00001 0 1.60479
1 0 1.60479
0.99999 0 1.60479
1.00001 0 1.60479
1.00001 0 1.60479
1 0 1.60479
1 0 1.60479
1.00001 0 1.60479
1.00001 0 1.60479
1 0 1.60479
0.99999 0 1.60479
1.00001 0 1.60479
1.00001 0 1.60479
1 0 1.60479
1.00001 0 1.60479
1 0 1.60479
1 0 1.60479
1.00001 0 1.60479
1 0 1.60479
1.00001 0 1.60479
1.00001 0 1.60479
1.00001 0 1.60479
1 0 1.60479
0.99999 0 1.60479
1.00001 0 1.60479
1.00001 0 1.60479
1 0 1.60479
1 0 1.60479
1.00001 0 1.60479
1 0 1.60479
1 0 1.60479
1 0 1.60479
1.00001 0 1.60479
1.00001 0 1.60479
1 0 1.60479
1.00001 0 1.60479
1 0 1.60479
1 0 1.60479
1.00001 0 1.60479
1 0 1.60479
1 0 1.60479
1.00001 0 1.60479
1.00001 0 1.60479
1 0 1.60479
0.99999 0 1.60479
1.00001 0 1.60479
1.00001 0 1.60479
1 0 1.60479
1.00001 0 1.60479
1.00001 0 1.60479
1 0 1.60479
1 0 1.60479
1 0 1.60479
1.00001 0 1.60479
1.00001 0 1.60479
1.00001 0 1.60479
1.00001 0 1.60479
0.99999 0 1.60479
1 0 1.60479
1.00001 0 1.60479
1 0 1.60479
1 0 1.60479
1.00001 0 1.60479
1.00001 0 1.60479
1 0 1.60479
0.99999 0 1.60479
1.00001 0 1.60479
1.00001 0 1.60479
1 0 1.60479
1.00001 0 1.60479
1.00001 0 1.60479
1 0 1.60479
1 0 1.60479
1 0 1.60479
1 0 1.60479
1.00001 0 1.60479
1.00001 0 1.60479
1.00001 0 1.60479
0.99999 0 1.60479
1 0 1.60479
1.00001 0 1.60479
1 0 1.60479
1.00001 0 1.60479
1.00001 0 1.60479
1.00001 0 1.60479
1 0 1.60479
0.99999 0 1.60479
1.00001 0 1.60479
1.00001 0 1.60479
1.00001 0 1.60479
1.00001 0 1.60479
0.99999 0 1.60479
1 0 1.60479
1.00001 0 1.60479
1 0 1.60479
1 0 1.60479
1.00001 0 1.60479
1.00001 0 1.60479
1.00001 0 1.60479
0.99999 0 1.60479
1 0 1.60479
1.00001 0 1.60479
1 0 1.60479
1.00001 0 1.60479
1.00001 0 1.60479
1.00001 0 1.60479
1 0 1.60479
0.99999 0 1.60479
1 0 1.60479
1.00001 0 1.60479
1.00001 0 1.60479
1.00001 0 1.60479
1 0 1.60479
1 0 1.60479
1 0 1.60479
1 0 1.60479
1.00001 0 1.60479
1.00001 0 1.60479
1.00001 0 1.60479
1.00001 0 1.60479
0.99999 0 1.60479
1 0 1.60479
1.00002 0 1.60479
1.00001 0 1.60479
1 0 1.60479
0.99999 0 1.60479
1 0 1.60479
1.00002 0 1.60479
1.00002 0 1.60479
1 0 1.60479
1 0 1.60479
1 0 1.60479
1 0 1.60479
1 0 1.60479
1.00001 0 1.60479
1.00002 0 1.60479
1.00001 0 1.60479
1 0 1.60479
0.99999 0 1.60479
1 0 1.60479
1.00001 0 1.60479
1.00002 0 1.60479
0.99999 0 1.60479
1 0 1.60479
1.00002 0 1.60479
0.999981 0 1.60479
1 0 1.60479
1.00002 0 1.60479
1.00002 0 1.60479
1 0 1.60479
1 0 1.60479
1.00001 0 1.60479
0.999981 0 1.60479
1.00001 0 1.60479
1.00002 0 1.60479
0.99999 0 1.60479
1 0 1.60479
1.00002 0 1.60479
0.99999 0 1.60479
0.99999 0 1.60479
1.00003 0 1.60479
1.00001 0 1.60479
0.99999 0 1.60479
0.999971 0 1.60479
0.99999 0 1.60479
0.99999 0 1.60479
0.999952 0 1.60479
0.99999 0 1.60479
0.99999 0 1.60479
0.99999 0 1.60479
0.99999 0 1.60479
0.999952 0 1.60479
0.99999 0 1.60479
0.99999 0 1.60479
0.99999 0 1.60479
0.99999 0 1.60479
0.99999 0 1.60479
0.99999 0 1.60479
0.999952 0 1.60479
0.99999 0 1.60479
0.99999 0 1.60479
0.99999 0 1.60479
0.99999 0 1.60479
0.99999 0 1.60479
0.99999 0 1.60479
0.999952 0 1.60479
0.99999 0 1.60479
0.99999 0 1.60479
0.99999 0 1.60479
0.99999 0 1.60479
0.99999 0 1.60479
0.99999 0 1.60479
0.999952 0 1.60479
0.99999 0 1.60479
0.99999 0 1.60479
0.533164 0 1.6048
0.033169 0 1.60487
0 0 4.71239
0 0 1.5708
0 0 1.5708
0 0 1.32582
0 0 -4.37114e-08
0 0 4.46741
0 0 3.14159
0 0 1.5708
0 0 1.5708
0 0 -4.37114e-08
0 0 1.32582
0 0 4.46741
0 0 1.5708
0 0 1.5708
0 0 3.14159
0 0 3.14159
0 0 1.5708
0 0 4.71239
0 0 -4.37114e-08
0 0 1.32582
0 0 1.5708
0 0 4.71239
0 0 4.46741
0 0 1.5708
0 0 1.81578
0 0 4.46741
0 0 -1.10715
0 0 1.5708
0 0 1.81578
0 0 -1.32582
0 0 -1.32582
0 0 -4.37114e-08
0 0 3.14159
0 0 -4.37114e-08
0 0 -4.37114e-08
0 0 3.14159
0 0 2.03444
0 0 1.5708
0 0 -1.32582
0 0 -1.10715
0 0 1.5708
0 0 2.03444
0 0 -4.37114e-08
0 0 -4.37114e-08
0 0 3.14159
0 0 3.14159
0 0 4.46741
0 0 -1.32582
0 0 -4.37114e-08
0 0 -4.37114e-08
0 0 3.14159
0 0 2.2143
0 0 1.5708
0 0 -4.37114e-08
0 0 -4.37114e-08
0 0 1.5708
0 0 4.46741
0 0 4.71239
0 0 1.5708
0 0 1.5708
0 0 1.5708
0 0 4.71239
0 0 4.46741
0 0 3.14159
0 0 3.14159
0 0 1.32582
0 0 -4.37114e-08
0 0 4.71239
0 0 -4.37114e-08
0 0 1.5708
0 0 1.5708
0 0 1.5708
0 0 3.14159
0 0 4.46741
0 0 3.14159
0 0 -4.37114e-08
0 0 -4.37114e-08
0 0 1.32582
0 0 1.5708
0 0 3.14159
0 0 -4.37114e-08
0 0 1.5708
0 0 4.46741
0 0 4.46741
0 0 3.14159
0 0 -4.37114e-08
0 0 1.5708
0 0 3.14159
0 0 -4.37114e-08
0 0 1.5708
0 0 3.14159
0 0 1.5708
0 0 1.5708
0 0 -4.37114e-08
0 0 1.32582
0 0 3.14159
0 0 4.71239
0 0 -4.37114e-08
0 0 1.5708
0 0 1.81578
0 0 3.14159
0 0 4.71239
0 0 1.5708
0 0 1.5708
0 0 1.5708
0 0 1.5708
0 0 1.5708
0 0 1.5708
0 0 1.5708
0 0 1.5708
0 0 -4.37114e-08
0 0 1.5708
0 0 3.14159
0 0 4.71239
0 0 1.32582
0 0 1.5708
0 0 4.46741
0 0 1.5708
0 0 1.5708
0 0 1.5708
0 0 -4.37114e-08
0 0 -4.37114e-08
0 0 1.5708
0 0 3.14159
0 0 1.5708
0 0 1.5708
0 0 3.14159
0 0 1.5708
0 0 1.5708
0 0 4.71239
0 0 -1.32582
0 0 -1.32582
0 0 1.5708
0 0 1.5708
0 0 4.46741
0 0 3.14159
0 0 1.5708
0 0 1.5708
0 0 4.71239
0 0 -1.32582
0 0 1.32582
0 0 1.81578
0 0 4.46741
0 0 -1.32582
0 0 1.5708
0 0 1.5708
0 0 1.5708
0 0 3.14159
0 0 1.5708
0 0 1.5708
0 0 -4.37114e-08
0 0 -4.37114e-08
0 0 1.81578
0 0 3.14159
0 0 4.71239
0 0 1.5708
0 0 1.32582
0 0 1.32582
0 0 4.46741
0 0 4.71239
0 0 1.5708
0 0 3.14159
0 0 1.32582
0 0 -4.37114e-08
0 0 4.71239
0 0 1.5708
0 0 3.14159
0 0 1.5708
0 0 1.5708
0 0 1.5708
0 0 3.14159
0 0 2.03444
0 0 -4.37114e-08
0 0 -1.32582
0 0 1.5708
0 0 -4.37114e-08
0 0 1.5708
0 0 1.5708
0 0 4.71239
0 0 1.5708
0 0 1.32582
0 0 3.14159
0 0 4.24874
0 0 -1.32582
0 0 -4.37114e-08
0 0 1.81578
0 0 1.5708
0 0 4.71239
0 0 3.14159
0 0 -4.37114e-08
0 0 1.5708
0 0 3.14159
0 0 1.81578
0 0 1.81578
0 0 4.71239
0 0 -1.32582
0 0 -4.37114e-08
0 0 1.5708
0 0 3.14159
0 0 1.5708
0 0 1.5708
0 0 -4.37114e-08
0 0 1.5708
0 0 1.81578
0 0 1.5708
0 0 1.5708
0 0 -4.37114e-08
0 0 4.71239
0 0 4.71239
0 0 1.5708
0 0 3.14159
0 0 4.71239
0 0 1.5708
0 0 1.5708
0 0 1.5708
0 0 1.5708
0 0 -1.32582
0 0 1.5708
0 0 3.14159
0 0 1.5708
0 0 1.5708
0 0 1.5708
0 0 1.5708
0 0 1.5708
0 0 1.32582
0 0 4.71239
0 0 4.46741
0 0 1.5708
0 0 1.5708
0 0 1.5708
0 0 1.81578
0 0 4.71239
0 0 -1.32582
0 0 1.5708
0 0 3.14159
0 0 -4.37114e-08
0 0 -4.37114e-08
0 0 3.14159
0 0 1.5708
0 0 3.14159
0 0 1.5708
0 0 -4.37114e-08
0 0 -4.37114e-08
0 0 1.5708
0 0 3.14159
0 0 3.14159
0 0 1.32582
0 0 -4.37114e-08
0 0 4.46741
0 0 1.32582
0 0 -4.37114e-08
0 0 4.46741
0 0 3.14159
0 0 3.14159
0 0 -4.37114e-08
0 0 -4.37114e-08
0 0 3.14159
0 0 3.14159
0 0 -4.37114e-08
0 0 1.5708
0 0 1.5708
0 0 -4.37114e-08
0 0 4.24874
0 0 3.14159
0 0 1.5708
0 0 1.5708
0 0 1.10715
0 0 4.24874
0 0 3.14159
0 0 1.5708
0 0 4.71239
0 0 1.10715
0 0 -4.37114e-08
0 0 4.71239
0 0 3.14159
0 0 1.5708
0 0 1.10715
0 0 3.14159
0 0 4.46741
0 0 -4.37114e-08
0 0 1.5708
0 0 2.03444
0 0 1.10715
0 0 -1.10715
0 0 4.71239
0 0 3.14159
0 0 3.14159
0 0 1.5708
0 0 1.5708
0 0 1.5708
0 0 -4.37114e-08
0 0 3.14159
0 0 3.14159
0 0 1.5708
0 0 4.46741
0 0 -4.37114e-08
0 0 1.5708
0 0 1.5708
0 0 -4.37114e-08
0 0 1.5708
0 0 1.5708
0 0 1.32582
0 0 1.5708
0 0 3.14159
0 0 1.5708
0 0 4.71239
0 0 4.24874
0 0 -4.37114e-08
0 0 1.32582
0 0 1.5708
0 0 3.14159
0 0 2.03444
0 0 -1.10715
0 0 -1.10715
0 0 3.14159
0 0 3.14159
0 0 -4.37114e-08
0 0 2.03444
0 0 1.5708
0 0 -1.10715
0 0 3.14159
0 0 3.14159
0 0 -4.37114e-08
0 0 -4.37114e-08
0 0 -1.10715
0 0 -4.37114e-08
0 0 1.5708
0 0 3.14159
0 0 3.14159
0 0 -4.37114e-08
0 0 -4.37114e-08
0 0 1.81578
0 0 3.14159
0 0 1.5708
0 0 -4.37114e-08
0 0 4.71239
0 0 3.14159
0 0 1.32582
0 0 1.5708
0 0 -1.32582
0 0 1.5708
0 0 2.03444
0 0 -4.37114e-08
0 0 -4.37114e-08
0 0 4.46741
0 0 3.14159
0 0 1.10715
0 0 4.71239
0 0 4.24874
0 0 -4.37114e-08
0 0 3.14159
0 0 -4.37114e-08
0 0 -4.37114e-08
0 0 1.5708
0 0 -4.37114e-08
0 0 4.46741
0 0 3.14159
0 0 3.14159
0 0 3.14159
0 0 -1.10715
0 0 1.5708
0 0 1.5708
0 0 4.71239
0 0 2.03444
0 0 -4.37114e-08
0 0 -1.32582
0 0 -4.37114e-08
0 0 1.5708
0 0 3.14159
0 0 3.14159
0 0 3.14159
0 0 -4.37114e-08
0 0 -4.37114e-08
0 0 -4.37114e-08
0 0 3.14159
0 0 3.14159
0 0 -4.37114e-08
0 0 -4.37114e-08
0 0 3.14159
0 0 -4.37114e-08
0 0 1.5708
0 0 3.14159
0 0 -1.32582
0 0 -4.37114e-08
0 0 3.14159
0 0 1.5708
0 0 1.5708
0 0 1.5708
0 0 1.5708
0 0 3.14159
0 0 -4.37114e-08
0 0 1.5708
0 0 1.5708
0 0 1.5708
0 0 3.14159
0 0 -1.32582
0 0 1.10715
0 0 1.5708
0 0 4.46741
0 0 1.5708
0 0 1.81578
0 0 1.5708
0 0 -1.32582
0 0 -1.32582
0 0 -4.37114e-08
0 0 3.14159
0 0 3.14159
0 0 1.81578
0 0 1.5708
0 0 -1.10715
0 0 1.81578
0 0 3.14159
0 0 4.71239
0 0 -4.37114e-08
0 0 1.5708
0 0 -4.37114e-08
0 0 1.32582
0 0 -4.37114e-08
0 0 4.46741
0 0 3.14159
0 0 -4.37114e-08
0 0 -4.37114e-08
0 0 3.14159
0 0 -4.37114e-08
0 0 -4.37114e-08
0 0 3.14159
0 0 3.14159
0 0 -4.37114e-08
0 0 1.5708
0 0 1.5708
0 0 -4.37114e-08
0 0 4.46741
0 0 4.46741
0 0 1.81578
0 0 1.5708
0 0 1.32582
0 0 1.5708
0 0 4.71239
0 0 4.46741
0 0 3.14159
0 0 1.32582
178.912 0 -1.53725
0 0 1.32582
